"V1","V2","V3","V4","V5","V6","V7","V8","V9","V10","V11","V12","V13","V14","V15","V16","V17","V18","V19","V20","V21","V22","V23","V24","V25","V26","V27","V28","V29","V30","V31","V32","V33","V34","V35","V36","V37","V38","V39","V40","V41","V42","V43","V44","V45","V46","V47","V48","V49","V50","V51","V52","V53","V54","V55","V56","V57","V58","V59","V60","V61","V62","V63","V64","V65","V66","V67","V68","V69","V70","V71","V72","V73","V74","V75","V76","V77","V78","V79","V80","V81","V82","V83","V84","V85","V86","V87","V88","V89","V90","V91","V92","V93","V94","V95","V96","V97","V98","V99","V100","V101","V102","V103","V104","V105","V106","V107","V108","V109","V110","V111","V112","V113","V114","V115","V116","V117","V118","V119","V120","V121","V122","V123","V124","V125","V126","V127","V128","V129","V130","V131","V132","V133","V134","V135","V136","V137","V138","V139","V140","V141","V142","V143","V144","V145","V146","V147","V148","V149","V150"
0,0,0,0,0,0,0,0,0,0,0,0,0,0,0,0,0,0,0,0,0,0,0,0,0,0,0,0,0,0,0,0,0,0,0,0,0,0,0,0,0,0,0,0,0,0,0,0,0,0,0,0,0,0,0,0,0,0,0,0,0,0,0,0,0,0,0,0,0,0,0,0,0,0,0,0,0,0,0,0,0,0,0,0,0,0,0,0,0,0,0,0,0,0,0,0,0,0,0,0,0,0,0,0,0,0,0,0,0,0,0,0,0,0,0,0,0,0,0,0,0,0,0,0,0,0,0,0,0,0,0,0,0,0,0,0,0,0,0,0,0,0,0,0,0,0,0,0,0,0
0,0,0,0,0,0,0,0,0,0,0,0,0,0,0,0,0,0,0,0,0,0,0,0,0,0,0,0,0,0,0,0,0,0,0,0,0,0,0,0,0,0,0,0,0,0,0,0,0,0,0,0,0,0,0,0,0,0,0,0,0,0,0,0,0,0,0,0,0,0,0,0,0,0,0,0,0,0,0,0,0,0,0,0,0,0,0,0,0,0,0,0,0,0,0,0,0,0,0,0,0,0,0,0,0,0,0,0,0,0,0,0,0,0,0,0,0,0,0,0,0,0,0,0,0,0,0,0,0,0,0,0,0,0,0,0,0,0,0,0,0,0,0,0,0,0,0,0,0,0
0,0,0,0,0,0,0,0,0,0,0,0,0,0,0,0,0,0,0,0,0,0,0,0,0,0,0,0,0,0,0,0,0,0,0,0,0,0,0,0,0,0,0,0,0,0,0,0,0,0,0,0,0,0,0,0,0,0,0,0,0,0,0,0,0,0,0,0,0,0,0,0,0,0,0,0,0,0,0,0,0,0,0,0,0,0,0,0,0,0,0,0,0,0,0,0,0,0,0,0,0,0,0,0,0,0,0,0,0,0,0,0,0,0,0,0,0,0,0,0,0,0,0,0,0,0,0,0,0,0,0,0,0,0,0,0,0,0,0,0,0,0,0,0,0,0,0,0,0,0
0,0,0,0,0,0,0,0,0,0,0,0,0,0,0,0,0,0,0,0,0,0,0,0,0,0,0,0,0,0,0,0,0,0,0,0,0,0,0,0,0,0,0,0,0,0,0,0,0,0,0,0,0,0,0,0,0,0,0,0,0,0,0,0,0,0,0,0,0,0,0,0,0,0,0,0,0,0,0,0,0,0,0,0,0,0,0,0,0,0,0,0,0,0,0,0,0,0,0,0,0,0,0,0,0,0,0,0,0,0,0,0,0,0,0,0,0,0,0,0,0,0,0,0,0,0,0,0,0,0,0,0,0,0,0,0,0,0,0,0,0,0,0,0,0,0,0,0,0,0
0,0,0,0,0,0,0,0,0,0,0,0,0,0,0,0,0,0,0,0,0,0,0,0,0,0,0,0,0,0,0,0,0,0,0,0,0,0,0,0,0,0,0,0,0,0,0,0,0,0,0,0,0,0,0,0,0,0,0,0,0,0,0,0,0,0,0,0,0,0,0,0,0,0,0,0,0,0,0,0,0,0,0,0,0,0,0,0,0,0,0,0,0,0,0,0,0,0,0,0,0,0,0,0,0,0,0,0,0,0,0,0,0,0,0,0,0,0,0,0,0,0,0,0,0,0,0,0,0,0,0,0,0,0,0,0,0,0,0,0,0,0,0,0,0,0,0,0,0,0
0,0,0,0,0,0,0,0,0,0,0,0,0,0,0,0,0,0,0,0,0,0,0,0,0,0,0,0,0,0,0,0,0,0,0,0,0,0,0,0,0,0,0,0,0,0,0,0,0,0,0,0,0,0,0,0,0,0,0,0,0,0,0,0,0,0,0,0,0,0,0,0,0,0,0,0,0,0,0,0,0,0,0,0,0,0,0,0,0,0,0,0,0,0,0,0,0,0,0,0,0,0,0,0,0,0,0,0,0,0,0,0,0,0,0,0,0,0,0,0,0,0,0,0,0,0,0,0,0,0,0,0,0,0,0,0,0,0,0,0,0,0,0,0,0,0,0,0,0,0
0,0,0,0,0,0,0,0,0,0,0,0,0,0,0,0,0,0,0,0,0,0,0,0,0,0,0,0,0,0,0,0,0,0,0,0,0,0,0,0,0,0,0,0,0,0,0,0,0,0,0,0,0,0,0,0,0,0,0,0,0,0,0,0,0,0,0,0,0,0,0,0,0,0,0,0,0,0,0,0,0,0,0,0,0,0,0,0,0,0,0,0,0,0,0,0,0,0,0,0,0,0,0,0,0,0,0,0,0,0,0,0,0,0,0,0,0,0,0,0,0,0,0,0,0,0,0,0,0,0,0,0,0,0,0,0,0,0,0,0,0,0,0,0,0,0,0,0,0,0
0,0,0,0,0,0,0,0,0,0,0,0,0,0,0,0,0,0,0,0,0,0,0,0,0,0,0,0,0,0,0,0,0,0,0,0,0,0,0,0,0,0,0,0,0,0,0,0,0,0,0,0,0,0,0,0,0,0,0,0,0,0,0,0,0,0,0,0,0,0,0,0,0,0,0,0,0,0,0,0,0,0,0,0,0,0,0,0,0,0,0,0,0,0,0,0,0,0,0,0,0,0,0,0,0,0,0,0,0,0,0,0,0,0,0,0,0,0,0,0,0,0,0,0,0,0,0,0,0,0,0,0,0,0,0,0,0,0,0,0,0,0,0,0,0,0,0,0,0,0
0,0,0,0,0,0,0,0,0,0,0,0,0,0,0,0,0,0,0,0,0,0,0,0,0,0,0,0,0,0,0,0,0,0,0,0,0,0,0,0,0,0,0,0,0,0,0,0,0,0,0,0,0,0,0,0,0,0,0,0,0,0,1.03812020968359e-06,2.19111727941268e-06,4.22665790327886e-06,8.25658931980525e-06,1.30659758352854e-05,1.88971588804869e-05,2.61281058383142e-05,3.100075586662e-05,3.3616317433334e-05,3.28979908323853e-05,2.92655655293156e-05,2.37934798433325e-05,1.64810557838302e-05,1.09924820262797e-05,6.70069724219768e-06,3.28514761494102e-06,1.64281558019493e-06,7.50820693273068e-07,0,0,0,0,0,0,0,0,0,0,0,0,0,0,0,0,0,0,0,0,0,0,0,0,0,0,0,0,0,0,0,0,0,0,0,0,0,0,0,0,0,0,0,0,0,0,0,0,0,0,0,0,0,0,0,0,0,0,0,0,0,0,0,0,0,0,0,0,0,0
0,0,0,0,0,0,0,0,0,0,0,0,0,0,0,0,0,0,0,0,0,0,0,0,0,0,0,0,0,0,0,0,0,0,0,0,0,0,0,0,0,0,0,0,0,0,0,0,0,0,0,0,0,0,0,0,0,0,0,0,0,0,1.73396654907621e-06,3.65981129368677e-06,7.05976374442026e-06,1.37909363062741e-05,2.18240284873448e-05,3.15638218634911e-05,4.3641633301955e-05,5.17803941849675e-05,5.61491524669334e-05,5.49493354459968e-05,4.88821151869282e-05,3.97421201799285e-05,2.75282179809706e-05,1.83606830375646e-05,1.11921382177882e-05,5.48716422236057e-06,2.74398594284902e-06,1.25409172689791e-06,0,0,0,0,0,0,0,0,0,0,0,0,0,0,0,0,0,0,0,0,0,0,0,0,0,0,0,0,0,0,0,0,0,0,0,0,0,0,0,0,0,0,0,0,0,0,0,0,0,0,0,0,0,0,0,0,0,0,0,0,0,0,0,0,0,0,0,0,0,0
0,0,0,0,0,0,0,0,0,0,0,0,0,0,0,0,0,0,0,0,0,0,0,0,0,0,0,0,0,0,0,0,0,0,0,0,0,0,0,0,0,0,0,0,0,0,0,0,0,0,0,0,0,0,0,0,0,0,0,0,0,0,2.80390079009366e-06,5.91807712982068e-06,1.14159509890202e-05,2.23005554668249e-05,3.52904216931367e-05,5.10400994232377e-05,7.05704560226501e-05,8.37311932251178e-05,9.07956690681257e-05,8.88555117480411e-05,7.90445475820149e-05,6.42647704085557e-05,4.45143490154614e-05,2.96900385437735e-05,1.80981837327904e-05,8.87298783626892e-06,4.43714693184781e-06,2.02792192604427e-06,0,0,0,0,0,0,0,0,0,0,0,0,0,0,0,0,0,0,0,0,0,0,0,0,0,0,0,0,0,0,0,0,0,0,0,0,0,0,0,0,0,0,0,0,0,0,0,0,0,0,0,0,0,0,0,0,0,0,0,0,0,0,0,0,0,0,0,0,0,0
0,0,0,0,0,0,0,0,0,0,0,0,0,0,0,0,0,0,0,0,0,0,0,0,0,0,0,0,0,0,0,0,0,0,0,0,0,0,0,0,1.02245705056686e-06,2.64483479424543e-06,5.28889110924882e-06,9.66594229699527e-06,1.76972383806905e-05,2.65335137482698e-05,3.63577942659722e-05,4.71158095396315e-05,5.29637969490986e-05,5.4413299697607e-05,4.99093621660296e-05,4.2064687151738e-05,3.24016259025613e-05,2.10354393557872e-05,1.32926148120807e-05,7.67684460275044e-06,3.52756772502452e-06,1.67131142672431e-06,7.23690549138265e-07,0,0,0,4.38948359031491e-06,9.26470099774754e-06,1.78715772366788e-05,3.49113358869112e-05,5.52468644627553e-05,7.99028552143815e-05,0.000110477467593322,0.000131080493274823,0.000142139872014833,0.000139102571711901,0.000123743588125859,0.000100605968706292,6.96868467055825e-05,4.64795107744728e-05,2.8332557553484e-05,1.38905893682013e-05,6.94631697168983e-06,3.1746950706176e-06,0,0,0,0,0,0,0,0,0,0,0,0,0,0,0,0,0,0,0,0,0,0,0,0,0,0,0,0,0,0,0,0,0,0,0,0,0,0,0,0,0,0,0,0,0,0,0,0,0,0,0,0,0,0,0,0,0,0,0,0,0,0,0,0,0,0,0,0,0,0
0,0,0,0,0,0,0,0,0,0,0,0,0,0,0,0,0,0,0,0,0,0,0,0,0,0,0,0,0,0,0,0,0,0,0,0,0,0,0,0,1.67131142672431e-06,4.32325505601411e-06,8.64523760747462e-06,1.57999788862229e-05,2.89279600651334e-05,4.33717628471968e-05,5.94305618739901e-05,7.7015646592975e-05,8.65747847253429e-05,8.89441463579977e-05,8.15819962729603e-05,6.87590664657322e-05,5.29637969490986e-05,3.4384593604203e-05,2.17281488881696e-05,1.25485937024449e-05,5.76617300854717e-06,2.73193077748414e-06,1.18294678834345e-06,0,0,0,6.65262548803863e-06,1.40414207567981e-05,2.70858536750221e-05,5.29110174725773e-05,8.37311932251178e-05,0.000121099386802382,0.000167437741056134,0.000198663330800196,0.000215424734134747,0.000210821454274061,0.000187543644123382,0.000152476667902586,0.000105616180818514,7.04435434573844e-05,4.29403346984848e-05,2.10523372450163e-05,1.05277179839152e-05,4.81151299668626e-06,0,0,0,0,0,0,0,0,0,0,0,0,0,0,0,0,0,0,0,0,0,0,0,0,0,0,0,0,0,0,0,0,0,0,0,0,0,0,0,0,0,0,0,0,0,0,0,0,0,0,0,0,0,0,0,0,0,0,0,0,0,0,0,0,0,0,0,0,0,0
0,0,0,0,0,0,0,0,0,0,0,0,0,0,0,0,0,0,0,0,0,0,0,0,0,0,0,0,0,0,0,0,0,0,0,0,0,0,0,0,2.64483479424543e-06,6.8415109318999e-06,1.36810081371745e-05,2.5003319691608e-05,4.5778227853538e-05,6.86354114689778e-05,9.40483116267314e-05,0.000121876544702168,0.000137003791923254,0.00014075328467846,0.000129102750616399,0.000108810583414027,8.38147162560103e-05,5.4413299697607e-05,3.4384593604203e-05,1.98580328671145e-05,9.12491517666148e-06,4.32325505601411e-06,1.87200229443996e-06,4.02736185745505e-07,9.30090340399385e-07,1.96310311393039e-06,1.40333527590906e-05,2.79998668166337e-05,5.14484118010065e-05,9.56660865077095e-05,0.000146264971659768,0.000205459595039903,0.000275956688132364,0.000320966244327943,0.000342305237403543,0.000329564135708776,0.000289942179197065,0.000233572222205659,0.000160346035272102,0.000106302618421261,6.44767017197272e-05,3.14583545221511e-05,1.54469502182605e-05,7.05976374442027e-06,0,0,0,0,0,0,0,0,0,0,0,0,0,0,0,0,0,0,0,0,0,0,0,0,0,0,0,0,0,0,0,0,0,0,0,0,0,0,0,0,0,0,0,0,0,0,0,0,0,0,0,0,0,0,0,0,0,0,0,0,0,0,0,0,0,0,0,0,0,0
0,0,0,0,0,0,0,0,0,0,0,0,0,0,0,0,0,0,0,0,0,0,0,0,0,0,0,0,0,0,0,0,0,0,0,0,0,0,0,0,4.05199196623149e-06,1.04814665147553e-05,2.09598479203289e-05,3.83060789807923e-05,7.01340635318476e-05,0.000105152176792439,0.000144085749317236,0.000186719707816809,0.000209895251463015,0.000215639623306048,0.000197790542325832,0.000166702136100863,0.000128407474697571,8.33633366101239e-05,5.26785632696255e-05,3.04232951781268e-05,1.39797325219796e-05,6.62339847957749e-06,2.86798187710689e-06,6.65462123352612e-07,1.53683705298596e-06,3.24373824055074e-06,2.09247714678216e-05,4.14886513334465e-05,7.5796097664818e-05,0.000140073365375749,0.000213195301074029,0.000298292740861641,0.000399014127878506,0.000462762597283229,0.000492319778988481,0.000472833058899309,0.000415282908491884,0.000334069921637837,0.000229016743251072,0.000151683967415672,9.1929610453021e-05,4.4818125318425e-05,2.19421970090356e-05,1.00283049228834e-05,0,0,0,0,0,0,0,0,0,0,0,0,0,0,0,0,0,0,0,0,0,0,0,0,0,0,0,0,0,0,0,0,0,0,0,0,0,0,0,0,0,0,0,0,0,0,0,0,0,0,0,0,0,0,0,0,0,0,0,0,0,0,0,0,0,0,0,0,0,0
0,0,0,0,0,0,0,0,0,0,0,0,0,0,0,0,0,0,0,0,0,0,0,0,0,0,0,0,0,0,0,0,0,0,0,0,0,0,0,0,6.00990297035438e-06,1.5546081351016e-05,3.10875868768602e-05,5.68154674954608e-05,0.000104022643740601,0.000155961409822797,0.000213707573959668,0.000276942140059474,0.000311316040540933,0.000319836076535568,0.000293362370344866,0.000247252134571424,0.000190453601594468,0.000123644263978586,7.81326953524461e-05,4.51237449587152e-05,2.12390177900402e-05,1.09884926088309e-05,6.71203871379035e-06,6.4142853549835e-06,1.17216631932743e-05,1.98478912194974e-05,5.29400827823132e-05,8.91126130486684e-05,0.00014335718200659,0.000237236128604232,0.000338777953358826,0.000453347996332868,0.000585292890144189,0.000665814416545059,0.000699096656898782,0.000664481145612368,0.000580260029400402,0.000464909361830593,0.000317651770275226,0.000209687654120116,0.000126967629953875,6.18449840818159e-05,3.01749342185261e-05,1.37909363062741e-05,0,0,0,0,0,0,0,0,0,0,0,0,0,0,0,0,0,0,0,0,0,0,0,0,0,0,0,0,0,0,0,0,0,0,0,0,0,0,0,0,0,0,0,0,0,0,0,0,0,0,0,0,0,0,0,0,0,0,0,0,0,0,0,0,0,0,0,0,0,0
0,0,0,0,0,0,0,0,0,0,0,0,0,0,0,0,0,0,0,0,0,0,0,0,0,0,0,0,0,0,0,0,0,0,0,0,0,8.89463552854431e-07,2.25164993610618e-06,4.42231472485295e-06,1.65677052434404e-05,3.6545841541204e-05,6.55832619727374e-05,0.000109769063179658,0.000185114223713189,0.000263413753707661,0.000346688953844853,0.000433411356977745,0.000476613147236667,0.000481642989636602,0.000435465509940918,0.00036385966463526,0.000278481692501821,0.000179793899040715,0.000113239422938893,6.52393133212362e-05,3.06065097995614e-05,1.60305910917827e-05,1.01699618555342e-05,1.048829358433e-05,1.91134352918044e-05,3.22577394291004e-05,8.01842080048194e-05,0.000132299525296545,0.000208748396947853,0.000338375811614592,0.000476329105664767,0.00063006245582719,0.000804761719222293,0.000909303796302468,0.000949768404930099,0.000898447253502085,0.000782199152112971,0.000625209937597305,0.000426227026178397,0.000280860156232814,0.000169884920010591,8.26647014000268e-05,4.01736612048356e-05,1.83606830375647e-05,0,0,0,0,0,0,0,0,0,0,0,0,0,0,0,0,0,0,0,0,0,0,0,0,0,0,0,0,0,0,0,0,0,0,0,0,0,0,0,0,0,0,0,0,0,0,0,0,0,0,0,0,0,0,0,0,0,0,0,0,0,0,0,0,0,0,0,0,0,0
0,0,0,0,0,0,0,0,0,0,0,0,0,0,0,0,0,0,0,0,0,0,0,0,0,0,0,0,0,0,0,0,0,0,0,0,0,1.45391984799386e-06,3.68055388254303e-06,7.22872919514835e-06,2.49719277230073e-05,5.42807058714475e-05,9.62897298788054e-05,0.000159484556225011,0.000266072554613926,0.000375828814651313,0.000491679712902174,0.000611238791489372,0.000669790083827135,0.000675021037831298,0.000608832419565298,0.000507971651392867,0.000388350902673391,0.000250488034919976,0.000157674096429124,9.08003095609761e-05,4.27217561521221e-05,2.26879213941931e-05,1.49887411306373e-05,1.66123800975507e-05,3.01931221838209e-05,5.07952912095817e-05,0.000118624222293311,0.000191945638354006,0.000296999678415557,0.00047113744740426,0.000653059959206654,0.000852876178699537,0.00107635755860993,0.00120689314728605,0.00125308384859687,0.00117890539542118,0.00102279681101176,0.000815270083503356,0.000554368488331922,0.000364539417295755,0.000220234653158747,0.000107037728263376,5.17803941849674e-05,2.36653413375206e-05,0,0,0,0,0,0,0,0,0,0,0,0,0,0,0,0,0,0,0,0,0,0,0,0,0,0,0,0,0,0,0,0,0,0,0,0,0,0,0,0,0,0,0,0,0,0,0,0,0,0,0,0,0,0,0,0,0,0,0,0,0,0,0,0,0,0,0,0,0,0
0,0,0,0,0,0,0,0,0,0,0,0,0,0,0,0,0,0,0,0,0,0,0,0,0,0,0,0,0,0,0,0,0,0,0,0,0,2.30081464204128e-06,5.82444230021449e-06,1.14393967442549e-05,3.66785849681592e-05,7.85542771078843e-05,0.000137690893515446,0.000225541495929858,0.000371913925948292,0.000521064755563978,0.000677116704403368,0.000836443928388193,0.00091286154220818,0.000917114357647804,0.000824878457732229,0.000687051088692694,0.000524585697143214,0.000337981726298638,0.000212605562094307,0.000122372834680684,5.7766011048925e-05,3.11582627043088e-05,2.14902065608888e-05,2.54870003712103e-05,4.62046576110632e-05,7.74946607450518e-05,0.000171318407143134,0.000272072178247583,0.000412894666802142,0.000640590718856546,0.000873516739285002,0.00112506844244924,0.00140110504429653,0.00155753762222638,0.00160621038620287,0.00150171415515988,0.00129765829663381,0.00103108941644484,0.000699044356653776,0.00045855978887812,0.000276653675664193,0.000134275372832872,6.46127388379583e-05,2.95301444382645e-05,0,0,0,0,0,0,0,0,0,0,0,0,0,0,0,0,0,0,0,0,0,0,0,0,0,0,0,0,0,0,0,0,0,0,0,0,0,0,0,0,0,0,0,0,0,0,0,0,0,0,0,0,0,0,0,0,0,0,0,0,0,0,0,0,0,0,0,0,0,0
0,0,0,0,0,0,0,0,0,0,0,0,0,0,0,0,0,0,0,0,0,0,0,0,0,0,0,0,0,0,0,0,0,0,0,0,0,3.52493942745442e-06,8.92327696973647e-06,1.75256102222747e-05,5.24937517226088e-05,0.000110779136944982,0.000191812462938695,0.000310566699585574,0.000505757471813361,0.000702292409883686,0.000905825487885775,0.00111099812148635,0.00120691464938772,0.00120818576282235,0.00108317215693335,0.000900397553803292,0.00068645552795086,0.000441694226757487,0.000277626864270013,0.000159704860868264,7.56693349514051e-05,4.15327338235296e-05,2.99760734940706e-05,3.78752093724778e-05,6.84952942839839e-05,0.000114542755437042,0.00024138565442363,0.000376618848084345,0.000560825215345287,0.000850744812268804,0.00114037099972978,0.00144706562873787,0.0017759936391048,0.00195539096980601,0.00200113108651748,0.00185770569824037,0.00159795717520377,0.00126509609159359,0.00085477290339939,0.000559129284955765,0.000336794490782224,0.000163209676409881,7.80548345683362e-05,3.56736238141587e-05,0,0,0,0,0,0,0,0,0,0,0,0,0,0,0,0,0,0,0,0,0,0,0,0,0,0,0,0,0,0,0,0,0,0,0,0,0,0,0,0,0,0,0,0,0,0,0,0,0,0,0,0,0,0,0,0,0,0,0,0,0,0,0,0,0,0,0,0,0,0
0,0,0,0,0,0,0,0,0,0,0,0,0,0,0,0,0,0,0,0,0,0,0,0,0,0,0,0,0,0,0,0,0,0,0,0,0,5.22818014248929e-06,1.32349790455262e-05,2.59939352816833e-05,7.31923932601984e-05,0.000152237061107628,0.000260358772684624,0.000416519158158613,0.000669373108249973,0.000920547035066945,0.00117759162124965,0.00143280670369289,0.00154838134865861,0.00154365156070363,0.00137878636812198,0.00114349636165335,0.000870277496765286,0.000559120127999447,0.000351111832413832,0.000201838958423277,9.60356739838865e-05,5.37473142678867e-05,4.06795490689572e-05,5.45168398018027e-05,9.83607619009138e-05,0.000164021069743323,0.000331593192102347,0.000508874343699938,0.000744066814095773,0.001103683682572,0.00145351252570144,0.00181558049969383,0.00219328661853994,0.00238932095302026,0.00242438137701296,0.00223264836543913,0.00191052103982842,0.00150629050969938,0.00101376860492479,0.00066095099114139,0.000397407906615724,0.000192238024531296,9.12872918680104e-05,4.17212915397525e-05,0,0,0,0,0,0,0,0,0,0,0,0,0,0,0,0,0,0,0,0,0,0,0,0,0,0,0,0,0,0,0,0,0,0,0,0,0,0,0,0,0,0,0,0,0,0,0,0,0,0,0,0,0,0,0,0,0,0,0,0,0,0,0,0,0,0,0,0,0,0
0,0,0,0,0,0,0,0,0,0,0,0,0,0,0,0,0,0,0,0,0,0,0,0,0,0,0,0,0,0,0,0,0,0,0,0,0,7.50720519782756e-06,1.90042616696076e-05,3.73249966030692e-05,9.93996583441103e-05,0.000203859305694241,0.00034437720195328,0.000544216405362225,0.000862533909234576,0.00117395289480241,0.00148829547186758,0.00179480733504882,0.00192817146336263,0.00191330182000395,0.0017016704201199,0.00140753314887542,0.00106906725956846,0.000685616552449312,0.000430085796769054,0.000247039838585297,0.000118101750190727,6.7543818631121e-05,5.37071737672066e-05,7.60038778456428e-05,0.000136822741169861,0.000227539321386728,0.000444299802175804,0.000671889760628255,0.000966318814102692,0.00140388966275385,0.00181831492305757,0.00223742261549839,0.00266255765784087,0.00287197850938661,0.00289185645109316,0.00264541387700093,0.00225506422486286,0.00177339404584419,0.00119151870057786,0.000775882506918224,0.000466774959420771,0.000226103606755584,0.000106999458241014,4.90589414697842e-05,7.03714942458883e-07,0,0,0,0,0,0,0,0,0,0,0,0,0,0,0,0,0,0,0,0,0,0,0,0,0,0,0,0,0,0,0,0,0,0,0,0,0,0,0,0,0,0,0,0,0,0,0,0,0,0,0,0,0,0,0,0,0,0,0,0,0,0,0,0,0,0,0,0,0
0,0,0,0,0,0,0,0,0,0,0,0,0,0,0,0,0,0,0,0,0,0,0,0,0,0,0,0,0,0,0,0,0,0,0,0,0,1.04360196733525e-05,2.64184664512641e-05,5.18867392848358e-05,0.00013144230827132,0.000265966066749873,0.000443884228491218,0.000692849009185738,0.00108243827982841,0.00145713403533269,0.00182938444619602,0.00218459715260618,0.00233146133793205,0.00230124041303045,0.00203671889934037,0.00167951382381008,0.00127266657898334,0.000814505556184489,0.000510297655154981,0.000293393496766483,0.000142182194902251,8.53180452149124e-05,7.42190002394129e-05,0.000112222528832861,0.000198743759783821,0.000325506271663549,0.000604689535849092,0.000892515545493939,0.00125212802674886,0.00176668469164798,0.00223709084944296,0.0026982559515977,0.00314771015405308,0.00335087929850008,0.00333919340771082,0.00302598765928291,0.00256451341408763,0.00200794951848963,0.00134394130206465,0.000872449710245345,0.000524334993378449,0.000253826267553321,0.00011931164494716,5.47882217647606e-05,1.16278510950484e-06,0,0,0,0,0,0,0,0,0,0,0,0,0,0,0,0,0,0,0,0,0,0,0,0,0,0,0,0,0,0,0,0,0,0,0,0,0,0,0,0,0,0,0,0,0,0,0,0,0,0,0,0,0,0,0,0,0,0,0,0,0,0,0,0,0,0,0,0,0
0,0,0,0,0,0,0,0,0,0,0,0,0,0,0,0,0,0,0,0,0,0,0,0,0,0,0,0,0,0,0,0,0,0,0,0,0,1.40449549417391e-05,3.55543763380675e-05,6.98299675680067e-05,0.000169186878769882,0.000337996911086135,0.000557503474919167,0.000859557418844903,0.00132330985646987,0.00176094814911098,0.00218784506528549,0.00258477122856321,0.00273832452630205,0.00268672226686002,0.00236468866398024,0.0019431120909377,0.00146843849669967,0.000937549039810118,0.000586528836370712,0.000337143446626249,0.000164968463346059,0.000102579332288876,9.49244845722283e-05,0.000150241237351915,0.000264640709065217,0.000431034388971385,0.00077725255392036,0.00113002939145669,0.00155843237259002,0.00215054523366819,0.00267282722069118,0.0031676353956228,0.00362755280664118,0.00381268837481409,0.00376028257165196,0.00337525025637888,0.00284365741457995,0.00221674814782845,0.00147820778318579,0.000956672967800834,0.000574553133170268,0.000278098397755413,0.000129852274879927,5.97608797027762e-05,1.86007737048924e-06,0,0,0,0,0,0,0,0,0,0,0,0,0,0,0,0,0,0,0,0,0,0,0,0,0,0,0,0,0,0,0,0,0,0,0,0,0,0,0,0,0,0,0,0,0,0,0,0,0,0,0,0,0,0,0,0,0,0,0,0,0,0,0,0,0,0,0,0,0
0,0,0,0,0,0,0,0,0,0,0,0,0,0,0,0,0,0,0,0,0,0,0,0,0,0,0,0,0,0,0,0,0,0,0,0,0,1.82993081370795e-05,4.63241420802611e-05,9.09821426291453e-05,0.000211891964595134,0.000418280223192159,0.000682184727361998,0.00103916076848876,0.00157628186653178,0.002072652490895,0.0025467726763997,0.00297404174459156,0.00312524426870052,0.00304589969037674,0.00266395217166337,0.00218022308234999,0.00164250711231887,0.00104577761621484,0.000653126082006625,0.000375413565394962,0.000185901519352941,0.000120464136175905,0.000118845988649635,0.000195911460569552,0.000343025858856896,0.000555314216242524,0.000975117087844821,0.00139748588126163,0.00189603093258863,0.00256076484915511,0.00312470182929258,0.00363843829116099,0.00408883863141019,0.00424125713751953,0.00413837831130996,0.00367832419000548,0.00308050174956103,0.00239103306284982,0.00158894909455652,0.00102544408766496,0.000615774970858306,0.000298244976327963,0.000138421897412809,6.39046983592939e-05,2.88065610920276e-06,0,0,0,0,0,0,0,0,0,0,0,0,0,0,0,0,0,0,0,0,0,0,0,0,0,0,0,0,0,0,0,0,0,0,0,0,0,0,0,0,0,0,0,0,0,0,0,0,0,0,0,0,0,0,0,0,0,0,0,0,0,0,0,0,0,0,0,0,0
0,0,0,0,0,0,0,0,0,0,0,0,0,0,0,0,0,0,0,0,0,0,0,0,0,0,0,0,0,0,0,0,0,0,0,0,0,2.3082234500866e-05,5.84319747248472e-05,0.000114762325210637,0.000258110035214119,0.000503900603050206,0.000813082977756401,0.00122412989258058,0.00182965277668139,0.00237655891428832,0.00288654322197087,0.00332906153309451,0.00346736711175881,0.00335429180992963,0.00291288388867935,0.00237303545454216,0.00178138815566013,0.00113056840836256,0.000704689737521153,0.000405181960006506,0.000203661652396353,0.000138427445580892,0.00014583242961314,0.000249101264722929,0.000433263014685765,0.0006967033397814,0.00119440837651994,0.00168832910246677,0.00225504778006235,0.00298318853246147,0.00357542156453222,0.00409127517922962,0.00451166062515341,0.00461804559362991,0.00445765649549081,0.0039236224505802,0.00326703818471673,0.00252585545833572,0.00167382103606463,0.00107781017148846,0.000647704215344554,0.000314280271944519,0.000145196711802718,6.73212355401594e-05,4.3189749063315e-06,0,0,0,0,0,0,0,0,0,0,0,0,0,0,0,0,0,0,0,0,0,0,0,0,0,0,0,0,0,0,0,0,0,0,0,0,0,0,0,0,0,0,0,0,0,0,0,0,0,0,0,0,0,0,0,0,0,0,0,0,0,0,0,0,0,0,0,0,0
0,0,0,0,0,0,0,0,0,0,0,0,0,0,0,0,0,0,0,0,0,0,0,0,0,0,0,0,0,0,0,0,0,0,0,0,0,2.81870669066973e-05,7.13547027259394e-05,0.000140585118363412,0.000306696727739766,0.000593198415610352,0.000948361302543848,0.00141300157828906,0.00208349585620488,0.00267496168822115,0.00321218698513183,0.00365794487618665,0.00377443128022533,0.00362197007729992,0.00312032566345312,0.00252850310788029,0.00188995514107431,0.00119465714976944,0.000742708053106372,0.000427252384360163,0.000218578881287652,0.000156606135095386,0.000176097589154391,0.00031043540597814,0.000536210287111001,0.000856261667481683,0.00143637304148733,0.00200373474863341,0.00263633007897515,0.00341790508123718,0.00402424596602398,0.00452462567978865,0.00489401591334446,0.00494125644635944,0.00471706915575824,0.00411137699540044,0.00340448314797912,0.00262305188991073,0.00173478904102304,0.00111558872160768,0.000671495544945071,0.000326937159008846,0.000150726423636429,7.02826469331564e-05,6.26900772093882e-06,0,0,0,0,0,0,0,0,0,0,0,0,0,0,0,0,0,0,0,0,0,0,0,0,0,0,0,0,0,0,0,0,0,0,0,0,0,0,0,0,0,0,0,0,0,0,0,0,0,0,0,0,0,0,0,0,0,0,0,0,0,0,0,0,0,0,0,0,0
0,0,0,0,0,0,0,0,0,0,0,0,0,0,0,0,0,0,0,0,0,0,0,0,0,0,0,0,0,0,0,0,0,0,0,0,0,3.33235132833094e-05,8.43574605327049e-05,0.000166403540031194,0.0003534779408427,0.00067766217505173,0.00107380154239541,0.0015836992455853,0.00230384154613553,0.00292304090681953,0.00346888874018342,0.00389768656692306,0.00398158704895007,0.00378737684515211,0.00323441738662213,0.00260563133695106,0.00193844369970437,0.00121994818462272,0.000756315898066374,0.000435736412812915,0.000228107009421331,0.000173781734790311,0.000210060480357782,0.000380870030138388,0.000654190164302308,0.0010380766981638,0.00170888609674302,0.00235618479907874,0.00305841617840457,0.00389207358525122,0.00450562893350038,0.00497908436268219,0.00528074920422497,0.00525585457122603,0.00495855608145727,0.00427667059142876,0.00352076934911026,0.00270330929102773,0.00178493128341266,0.00114715110921215,0.000691726895784267,0.000338421533638,0.000156221996486824,7.31886642173506e-05,8.80938899438041e-06,0,0,0,0,0,0,0,0,0,0,0,0,0,0,0,0,0,0,0,0,0,0,0,0,0,0,0,0,0,0,0,0,0,0,0,0,0,0,0,0,0,0,0,0,0,0,0,0,0,0,0,0,0,0,0,0,0,0,0,0,0,0,0,0,0,0,0,0,0
0,0,0,0,0,0,0,0,0,0,0,0,0,0,0,0,0,0,0,0,0,0,0,0,0,0,0,0,0,0,0,0,0,0,0,0,0,3.81399867365672e-05,9.6550216614145e-05,0.0001907714844384,0.000395985241004253,0.0007532879377644,0.00118418294535834,0.00173036231936179,0.00248559197371044,0.00311798791941288,0.00365746130082362,0.00405418216554347,0.00409838926227145,0.00386227012549876,0.00326716649011063,0.00261494769526934,0.00193505728322975,0.00121171120884002,0.000748767771117322,0.000432534601696776,0.000233057081229835,0.000190172141669203,0.000245592428612582,0.000454891415901075,0.000775436287728442,0.001220860326453,0.00197388512833174,0.00268920501778637,0.00344442789284621,0.00430619170009535,0.00490714700826332,0.00533793167905921,0.00556282062165632,0.00546829965723084,0.00510888792300513,0.00437150246724136,0.00358589080154846,0.00275005685836126,0.00181764038481506,0.00117031798866235,0.000708631506982497,0.000349204955824457,0.000162143829238575,7.64872757105925e-05,1.1984547167445e-05,0,0,0,0,0,0,0,0,0,0,0,0,0,0,0,0,0,0,0,0,0,0,0,0,0,0,0,0,0,0,0,0,0,0,0,0,0,0,0,0,0,0,0,0,0,0,0,0,0,0,0,0,0,0,0,0,0,0,0,0,0,0,0,0,0,0,0,0,0
0,0,0,0,0,0,0,0,0,0,0,0,0,0,0,0,0,0,0,0,0,0,0,0,0,0,0,0,0,0,0,0,0,0,0,0,0,4.22609398824786e-05,0.000106982284187808,0.000211868889782193,0.000431113483763844,0.00081469026451571,0.00127187413300478,0.00184325610024425,0.00261752114164325,0.00324881979866506,0.00376872246901845,0.00412200638548896,0.00412301522640499,0.00384796966773152,0.0032222494604032,0.00256075369619604,0.00188377022305988,0.00117287783113326,0.000722039648761032,0.000418890867923559,0.00023394724557443,0.000205782892977957,0.000283167134846348,0.000533348669736477,0.000902170191975354,0.00140891902749624,0.00224048859771753,0.00301774264045649,0.00381689259800036,0.00469329737249794,0.00527040029691892,0.00564962098187423,0.00579290486702857,0.00563069410722441,0.00521602917772883,0.00443539724016957,0.00363092833931026,0.00278601274718131,0.00184703289738034,0.00119396734131291,0.000726881658955148,0.000361479904038045,0.000169616770657528,8.05721601347862e-05,1.57843364423377e-05,0,0,0,0,0,0,0,0,0,0,0,0,0,0,0,0,0,0,0,0,0,0,0,0,0,0,0,0,0,0,0,0,0,0,0,0,0,0,0,0,0,0,0,0,0,0,0,0,0,0,0,0,0,0,0,0,0,0,0,0,0,0,0,0,0,0,0,0,0
0,0,0,0,0,0,0,0,0,0,0,0,0,0,0,0,0,0,0,0,0,0,0,0,0,0,0,0,0,0,0,0,0,0,0,0,0,4.53342697187697e-05,0.000114762325210637,0.000227995783605639,0.000456118983808237,0.000857251063187046,0.00133057849708053,0.00191481574851974,0.00269195033008814,0.00330949090222875,0.00379986827121303,0.00410356472243765,0.00406215106168659,0.0037543113506218,0.00311097282338843,0.00245368849228301,0.00179338419368942,0.00110948201757741,0.000680055434636674,0.000397123599525668,0.000231725944716516,0.000220716045797168,0.000322293707682724,0.000614738787997059,0.00103194330556055,0.00159898792129472,0.00250507246909888,0.00333964929965921,0.00417711285801232,0.0050630419718726,0.00561581998627367,0.00594813243106191,0.00602242321375883,0.00580707190207004,0.00535222350918336,0.0045424001479907,0.00372457015247068,0.00286971274062318,0.00191635515375879,0.0012488737467653,0.000766425557768297,0.000385940243911985,0.000184460116230089,8.83185540571019e-05,2.10638412593499e-05,3.98800427929437e-07,0,0,0,0,0,0,0,0,0,0,0,0,0,0,0,0,0,0,0,0,0,0,0,0,0,0,0,0,0,0,0,0,0,0,0,0,0,0,0,0,0,0,0,0,0,0,0,0,0,0,0,0,0,0,0,0,0,0,0,0,0,0,0,0,0,0,0,0
0,0,0,0,0,0,0,0,0,0,0,0,0,0,0,0,0,0,0,0,0,0,0,0,0,0,0,0,0,0,0,0,0,0,0,0,0,4.70807047939883e-05,0.000119183372495722,0.000237811710395715,0.000469003304514817,0.00087776425561391,0.00135621064017299,0.00194069402825653,0.00270579866589138,0.00329969871873221,0.00375480534302368,0.00400867246917448,0.00392995582461791,0.00359816283049264,0.00295058704087157,0.00230914938898451,0.00167622448836507,0.00102976737109737,0.000628106544838321,0.000370266018331092,0.000227588711226159,0.000235068651594308,0.000362307295475608,0.000697312121852496,0.0011621997654723,0.00178703267542055,0.00276245538247263,0.00364778329335694,0.00451605648075333,0.00540282091470305,0.00592586362998511,0.0062086333602693,0.00621500839206035,0.00595059936719442,0.00546160411785735,0.00463073824442352,0.00380579129651808,0.00294595910806214,0.00198207190110471,0.00130269098298715,0.000805096932848175,0.000410141767739408,0.000199670428888676,9.61106112409176e-05,2.63768598220395e-05,6.51880401051068e-07,0,0,0,0,0,0,0,0,0,0,0,0,0,0,0,0,0,0,0,0,0,0,0,0,0,0,0,0,0,0,0,0,0,0,0,0,0,0,0,0,0,0,0,0,0,0,0,0,0,0,0,0,0,0,0,0,0,0,0,0,0,0,0,0,0,0,0,0
0,0,0,0,0,0,0,0,0,0,0,0,0,0,0,0,0,0,0,0,0,0,0,0,0,0,0,0,0,0,0,0,0,0,0,0,0,4.73356282738076e-05,0.000119828703532846,0.000240534999402687,0.000468811379500252,0.000874913465632502,0.00134750417094246,0.0019204064880759,0.00266103690779463,0.00322492144348927,0.00364356005078816,0.00385308421991354,0.00374594658468222,0.00340195155210897,0.00276441650614585,0.0021503965140126,0.00155616606135763,0.000961008767576885,0.000599120680916458,0.000378665066447927,0.000270784990010566,0.000302811770629036,0.000457758236722473,0.000830329969450573,0.00133409247739927,0.002005821983257,0.00303826656539781,0.00396770625495345,0.00486556430680195,0.00576030624980697,0.0062660261070882,0.00651512896945391,0.00647211666563951,0.00617006914657945,0.00565162487469009,0.00479572384400624,0.00395376947692723,0.00307568162935884,0.00208447659868888,0.00138170328991586,0.000858698863609293,0.000441920023762558,0.000218938025162473,0.000105709009237465,3.21158967256167e-05,1.03159467398946e-06,0,0,0,0,0,0,0,0,0,0,0,0,0,0,0,0,0,0,0,0,0,0,0,0,0,0,0,0,0,0,0,0,0,0,0,0,0,0,0,0,0,0,0,0,0,0,0,0,0,0,0,0,0,0,0,0,0,0,0,0,0,0,0,0,0,0,0,0
0,0,0,0,0,0,0,0,0,0,0,0,0,0,0,0,0,0,0,0,0,0,0,0,0,0,0,0,0,0,0,0,0,0,0,0,0,4.60746659049279e-05,0.000116636615640982,0.000236059541463503,0.000455779335026981,0.000849476770783319,0.00130621160241524,0.00185741715618238,0.00256441011105567,0.00309562166742133,0.0034808109002201,0.00365618511800244,0.0035321419428428,0.0031870337818399,0.00256978293422099,0.00198781416677185,0.00143344176566997,0.000887462083331252,0.000561779350335545,0.000374743306860579,0.000296730434168038,0.000349960335986001,0.000531638992132913,0.000941205512112795,0.00148479413058692,0.00220391334940015,0.00329454789870312,0.00427011461072327,0.00520173928584744,0.00611402475018792,0.00661430919515043,0.00684389409877422,0.00676826495602961,0.00643912749174621,0.00589673078186212,0.00501485029464076,0.00414975634556387,0.00324432652677801,0.00221384098183385,0.0014794188723498,0.000923176865908607,0.000479238898575537,0.000241469957543164,0.000116485049518348,3.80667674209011e-05,1.58044401885035e-06,0,0,0,0,0,0,0,0,0,0,0,0,0,0,0,0,0,0,0,0,0,0,0,0,0,0,0,0,0,0,0,0,0,0,0,0,0,0,0,0,0,0,0,0,0,0,0,0,0,0,0,0,0,0,0,0,0,0,0,0,0,0,0,0,0,0,0,0
0,0,0,0,0,0,0,0,0,0,0,0,0,0,0,0,0,0,0,0,0,0,0,0,0,0,0,0,0,0,0,0,0,0,0,0,0,4.3417528949782e-05,0.000109910154240648,0.000224963277884394,0.000431296652725679,0.00080420554195976,0.00123683592258079,0.00175861518549613,0.00242643330360835,0.00292570592630471,0.00328375036829878,0.00343820167573439,0.00330992518815194,0.00297508138565397,0.00238697622140176,0.0018402563171238,0.00132626186133609,0.000828793726098228,0.000539160381948603,0.000386183184426273,0.00033884522881413,0.000412847889071986,0.000620213069825555,0.00106261815332436,0.00164129649557047,0.00240300969345762,0.00354934831267731,0.00457421336138839,0.00554884595951405,0.00649762539957958,0.00701214001389583,0.00724134354163741,0.00714960086089451,0.00679863649083986,0.00622899728114388,0.00530812612208734,0.00440484765157132,0.0034564410031214,0.00237032726004592,0.0015944215830384,0.000996899427785901,0.000520698222211557,0.000266147864626438,0.000128148285138572,4.3987242209508e-05,2.34411007783941e-06,0,0,0,0,0,0,0,0,0,0,0,0,0,0,0,0,0,0,0,0,0,0,0,0,0,0,0,0,0,0,0,0,0,0,0,0,0,0,0,0,0,0,0,0,0,0,0,0,0,0,0,0,0,0,0,0,0,0,0,0,0,0,0,0,0,0,0,0
0,0,0,0,0,0,0,0,0,0,0,0,0,0,0,0,0,0,0,0,0,0,0,0,0,0,0,0,0,0,0,0,0,0,0,0,0,3.96092727980461e-05,0.00010026966959885,0.000208406516553207,0.00039768749396927,0.000743394939557318,0.00114593469730725,0.00163326431388392,0.00225982019709823,0.00273048768132422,0.0030696214678383,0.00321738380235395,0.00309713523555768,0.00278256049536367,0.00222979103513414,0.00171897313469765,0.00124352403919631,0.000791832696295759,0.000537186687447274,0.00041834948806327,0.000402379578771005,0.000496410510274881,0.000727460092377617,0.0011958337851305,0.00180227452025542,0.00259891295957837,0.00379533080452511,0.00487123862907316,0.005898081007047,0.00690427339232354,0.00745568441853169,0.00770721080013619,0.00761966709152295,0.00725406799713857,0.0066542288823783,0.00567991731378225,0.00472141462934611,0.00371246489118182,0.00255291669346879,0.00172504892906566,0.00107837302631997,0.00056551994432807,0.000292263245675002,0.000140166494582238,4.96361363005219e-05,3.36593515927651e-06,0,0,0,0,0,0,0,0,0,0,0,0,0,0,0,0,0,0,0,0,0,0,0,0,0,0,0,0,0,0,0,0,0,0,0,0,0,0,0,0,0,0,0,0,0,0,0,0,0,0,0,0,0,0,0,0,0,0,0,0,0,0,0,0,0,0,0,0
0,0,0,0,0,0,0,0,0,0,0,0,0,0,0,0,0,0,0,0,0,0,0,0,0,0,0,0,0,0,0,0,0,0,0,0,0,3.49830357949531e-05,8.8558491306049e-05,0.000187942855736993,0.000357856157833601,0.000672232595808276,0.00104113396392779,0.00149162726077231,0.00207763709007087,0.00252452081149823,0.00285335859955392,0.00300763006483169,0.00290585682071516,0.0026194215793693,0.00210562270482496,0.00162965768981865,0.00118980425748438,0.000780662916838731,0.000560167292883535,0.000475840432522785,0.000492489291598388,0.000605831239377204,0.000857639910552503,0.00134348190515144,0.00196855225276851,0.00279224045737733,0.00403469363268809,0.00516812448719903,0.00626455146803283,0.00736267264821676,0.00798622654151306,0.008293934944975,0.00823894045943091,0.00786635848743468,0.00722802161352852,0.00617388561776439,0.00513134438123319,0.00403329279532985,0.00277243986061895,0.00187649778990236,0.00116985530156298,0.000614088123838955,0.000319665657998183,0.000152002368448762,5.48016272754729e-05,4.67910022648688e-06,0,0,0,0,0,0,0,0,0,0,0,0,0,0,0,0,0,0,0,0,0,0,0,0,0,0,0,0,0,0,0,0,0,0,0,0,0,0,0,0,0,0,0,0,0,0,0,0,0,0,0,0,0,0,0,0,0,0,0,0,0,0,0,0,0,0,0,0
0,0,0,0,0,0,0,0,0,0,0,0,0,0,0,0,0,0,0,0,0,0,0,0,0,0,0,0,0,0,0,0,0,0,0,0,0,2.99121051331146e-05,7.57215845389472e-05,0.00016528394155864,0.000314870396871675,0.000596059687887356,0.000930052838651514,0.00134354099317592,0.00189154257645023,0.00231971414896453,0.00264576232248691,0.00281696256044524,0.00274126408966002,0.00248831632880423,0.00201505194662093,0.00157248183258751,0.00116579627117865,0.000797841731888182,0.000613136723317044,0.000566599325194623,0.000621318824138211,0.000756617307125831,0.00102835954206661,0.00152381148176942,0.00215667525298676,0.00299481653845852,0.00427178634054918,0.00546166394174271,0.00663652308124625,0.00784977195192168,0.00857064200350093,0.00895844661543628,0.00895434632976845,0.00857755622443438,0.00789178265105337,0.00673685051439288,0.00558979923242701,0.00438413147547203,0.0030059809716052,0.00203381086071976,0.00126267753182137,0.000662204740663231,0.000346168126830193,0.000163183354063274,5.93217239584001e-05,6.2972046724571e-06,0,0,0,0,0,0,0,0,0,0,0,0,0,0,0,0,0,0,0,0,0,0,0,0,0,0,0,0,0,0,0,0,0,0,0,0,0,0,0,0,0,0,0,0,0,0,0,0,0,0,0,0,0,0,0,0,0,0,0,0,0,0,0,0,0,0,0,0
0,0,0,0,0,0,0,0,0,0,0,0,0,0,0,0,0,0,0,0,0,0,0,0,0,0,0,0,0,0,0,0,0,0,0,0,0,2.47608370160266e-05,6.26813059468851e-05,0.000142066548184076,0.000271565745978591,0.000519691489388952,0.000819352001164826,0.00119722321395079,0.0017104541045087,0.00212408427016176,0.00245254120189102,0.00264710795869479,0.00260168784550365,0.00238504343257634,0.0019525210661166,0.00154185335841151,0.00116674842651251,0.000839696556344384,0.000692669434784591,0.000686169575818929,0.000781634025918264,0.000938021559754478,0.00122490361336971,0.00171814507541822,0.00234646240493191,0.00318859609883862,0.00449559894546387,0.00575068432918683,0.00702555303549023,0.00839494981929967,0.00925285009667248,0.0097573522026813,0.0098335489526565,0.00946052608840839,0.00872025022980142,0.00744179356999804,0.00616592529826713,0.00482846256655212,0.00330809504706832,0.00224243960010244,0.00139300862736936,0.000734416531964275,0.000388371898670161,0.000183901726289184,6.84998355637307e-05,1.08816402059195e-05,1.29133749659839e-06,4.78106628264913e-07,0,0,0,0,0,0,0,0,0,0,0,0,0,0,0,0,0,0,0,0,0,0,0,0,0,0,0,0,0,0,0,0,0,0,0,0,0,0,0,0,0,0,0,0,0,0,0,0,0,0,0,0,0,0,0,0,0,0,0,0,0,0,0,0,0,0
0,0,0,0,0,0,0,0,0,0,0,0,0,0,0,0,0,0,0,0,0,0,0,0,0,0,0,0,0,0,0,0,0,0,0,0,0,1.98432371711563e-05,5.02325514802587e-05,0.000119665202626476,0.000230242303153967,0.000447534195159584,0.000715373684353051,0.00106102444136836,0.00154476178794251,0.00194909150727574,0.00228555585968145,0.00250968950650731,0.00249819743755036,0.00231998522293203,0.00192739222789997,0.00154626780206837,0.00120016094174051,0.000912748834280344,0.000804981167136099,0.000841057838354384,0.000981335383298262,0.00115966215341727,0.00145700476924051,0.00193498487397279,0.00254304766328342,0.0033719925303931,0.00469142012142093,0.0060062366969831,0.00738701863258214,0.00893511233155391,0.00995787850654247,0.0106081765773081,0.0107906491985313,0.0104296118105463,0.00962896057739966,0.00820589809641585,0.0067786648936061,0.00528857779477123,0.00360875028921766,0.00244189793743057,0.0015124688157686,0.000797161418052671,0.000423290328025285,0.000199619229636069,7.49866512208337e-05,1.47724316386745e-05,2.13374467670566e-06,7.90000658731913e-07,0,0,0,0,0,0,0,0,0,0,0,0,0,0,0,0,0,0,0,0,0,0,0,0,0,0,0,0,0,0,0,0,0,0,0,0,0,0,0,0,0,0,0,0,0,0,0,0,0,0,0,0,0,0,0,0,0,0,0,0,0,0,0,0,0,0
0,0,0,0,0,0,0,0,0,0,0,0,0,0,0,0,0,0,0,0,0,0,0,0,0,0,0,0,0,0,0,0,0,0,0,0,0,1.53953151548751e-05,3.89727721541416e-05,9.90782971280441e-05,0.000192497211861509,0.000381293572160999,0.000619551883176527,0.000934891590071043,0.00139012174023178,0.00178589999337521,0.00212995132200433,0.00238405739373316,0.00240932520117272,0.00227661934820439,0.00193737648274147,0.00160028342687582,0.0012982793488568,0.0010659859769711,0.00100583234820652,0.00108639905082004,0.00126709646661089,0.00145793916432572,0.00175046624467448,0.00219017783104236,0.00275528680801953,0.00354909323330503,0.00485843116017174,0.00622258622045078,0.00770873088041447,0.00944969860819382,0.010657851907578,0.0114773683851173,0.0117900096549573,0.0114527246432119,0.010594093272439,0.00901937189046756,0.00743046932518637,0.00577707866890477,0.00392776108132035,0.00265343266448277,0.00164087658213548,0.000865246792656707,0.00046150242141818,0.000217348398567993,8.24681247924103e-05,1.9713756498254e-05,3.41329636499403e-06,1.26374369259387e-06,0,0,0,0,0,0,0,0,0,0,0,0,0,0,0,0,0,0,0,0,0,0,0,0,0,0,0,0,0,0,0,0,0,0,0,0,0,0,0,0,0,0,0,0,0,0,0,0,0,0,0,0,0,0,0,0,0,0,0,0,0,0,0,0,0,0
0,0,0,0,0,0,0,0,0,0,0,0,0,0,0,0,0,0,0,0,0,0,0,0,0,0,0,0,0,0,0,0,0,0,0,0,0,1.15636117829339e-05,2.92729315874072e-05,8.08955978875698e-05,0.000159200681848439,0.000322656865100862,0.000534154071890519,0.0008228738306276,0.00125308234437811,0.00164226383135852,0.00199630339909312,0.0022849410399619,0.00235295825563354,0.00227438926015667,0.00199910592545622,0.00171360321710603,0.00146068982078221,0.00128638036239727,0.0012749903277392,0.00140021890858475,0.0016220411400498,0.00182421466309845,0.00210505540414537,0.0024912145826408,0.00299369031071995,0.0037300200303569,0.00500374843352895,0.00640230325406243,0.00798961861092507,0.00993454929014485,0.0113493398327988,0.0123664525070929,0.012842877307141,0.0125512450782911,0.0116468471451732,0.00992269002078902,0.00816650882292927,0.00634099618950194,0.00431104390293237,0.00291969674925067,0.00181619889399085,0.000968750399659403,0.000526184222876999,0.000253602089696188,0.000100694746385081,3.14569704503048e-05,8.38244019344608e-06,3.31976968372018e-06,6.2277165296826e-07,0,0,0,0,0,0,0,0,0,0,0,0,0,0,0,0,0,0,0,0,0,0,0,0,0,0,0,0,0,0,0,0,0,0,0,0,0,0,0,0,0,0,0,0,0,0,0,0,0,0,0,0,0,0,0,0,0,0,0,0,0,0,0,0,0
0,0,0,0,0,0,0,0,0,0,0,0,0,0,0,0,0,0,0,0,0,0,0,0,0,0,0,0,0,0,0,0,0,0,0,0,0,8.40866946186621e-06,2.1892017127944e-05,6.6710214693153e-05,0.000133439338544744,0.000278404761382727,0.000470566827450495,0.000740792221226623,0.00115537334469785,0.00154404842327273,0.0019107789751668,0.00223244391314804,0.00233862554906905,0.00230809110187094,0.00208910689825314,0.00185017285021641,0.00164310489050369,0.0015254986120118,0.00156360809140595,0.00173432208342413,0.00199860867630124,0.00221173286631466,0.00247648103626838,0.00279994742797827,0.00322708230701044,0.00389092618602132,0.00510794679799278,0.00652457328954035,0.0082006243387571,0.0103431959174468,0.0119674487853704,0.0131902727808342,0.0138450942822191,0.0136129161448916,0.0126765295516498,0.0108191668921632,0.00890857872481026,0.00692246662527317,0.00472229054066315,0.00321756093385155,0.00202398764448287,0.00109848752251748,0.000610578878585602,0.000303189723157895,0.000126582627600089,4.75349408427769e-05,1.55372866326649e-05,6.19123581111531e-06,1.45582657238241e-06,0,0,0,0,0,0,0,0,0,0,0,0,0,0,0,0,0,0,0,0,0,0,0,0,0,0,0,0,0,0,0,0,0,0,0,0,0,0,0,0,0,0,0,0,0,0,0,0,0,0,0,0,0,0,0,0,0,0,0,0,0,0,0,0,0
0,0,0,0,0,0,0,0,0,0,0,0,0,0,0,0,0,0,0,0,0,0,0,0,0,0,0,0,0,0,0,0,0,0,0,0,0,5.91956669269571e-06,1.59753247896789e-05,5.45797763934247e-05,0.000111100181499147,0.000239296328519162,0.000412770872644342,0.00066403968950696,0.00105950820476087,0.00144317236954636,0.0018173580348466,0.00216821360174532,0.00231393117454847,0.0023382736690124,0.00218970943479788,0.00201156957719481,0.00186342154759608,0.00181344572845654,0.00190499818957049,0.00212029652617992,0.00242237676271731,0.00264086755784427,0.0028803435825374,0.00312864444734182,0.00346649255604776,0.00404157517111114,0.00518029286465098,0.00659622194134753,0.00834557496510209,0.0106761933080123,0.0125108194055839,0.0139490791544833,0.0148019969339633,0.0146484168503546,0.0136975973406523,0.0117229462158893,0.00966590399387024,0.00752295154578742,0.00515326598462114,0.00353324730994843,0.00224839045503964,0.00123990420936008,0.000703392371889364,0.000358386318583081,0.000155492621339333,6.53903518531975e-05,2.37734275377814e-05,9.50361081940487e-06,2.34227624702965e-06,0,0,0,0,0,0,0,0,0,0,0,0,0,0,0,0,0,0,0,0,0,0,0,0,0,0,0,0,0,0,0,0,0,0,0,0,0,0,0,0,0,0,0,0,0,0,0,0,0,0,0,0,0,0,0,0,0,0,0,0,0,0,0,0,0
0,0,0,0,0,0,0,0,0,0,0,0,0,0,0,0,0,0,0,0,0,0,0,0,0,0,0,0,0,0,0,0,0,0,0,0,0,4.03442283733184e-06,1.17798771403902e-05,4.51944269861025e-05,9.32140999246937e-05,0.000207908784781182,0.00036524321039885,0.000599849078265898,0.00097670438122878,0.00135451835140177,0.00173427878958047,0.0021137479453487,0.00230232658303386,0.00238936735134567,0.00232567918921064,0.00222175067282637,0.00214338812769664,0.00216707468962546,0.00231015823111545,0.00256263757787579,0.00289061417072725,0.00310466363313017,0.00330881725164149,0.0034728678687706,0.00371336014981851,0.00419085029298627,0.0052377275996509,0.00663749912067562,0.00844303421958384,0.0109421896783615,0.0129745897400975,0.0146219445176483,0.0156755599341206,0.0156114020212089,0.0146632973138827,0.0125971293792617,0.0104157937169398,0.00813568290852504,0.00561359957429869,0.00388507398393719,0.00251145659234532,0.00141377603605485,0.000821624800636219,0.000431532846711919,0.000194919443984256,8.9151838818344e-05,3.53251560103884e-05,1.41659725295252e-05,3.65062627994509e-06,0,0,0,0,0,0,0,0,0,0,0,0,0,0,0,0,0,0,0,0,0,0,0,0,0,0,0,0,0,0,0,0,0,0,0,0,0,0,0,0,0,0,0,0,0,0,0,0,0,0,0,0,0,0,0,0,0,0,0,0,0,0,0,0,0
0,0,0,0,0,0,0,0,0,0,0,0,0,0,0,0,0,0,0,0,0,0,0,0,0,0,0,0,0,0,0,0,0,0,0,0,0,2.66196148764131e-06,9.13916388488063e-06,3.8368582335506e-05,8.05136386147837e-05,0.000186739245043704,0.000334540444004011,0.000561398000161426,0.000933069836479285,0.00131967613917704,0.00172185597582576,0.00215303410406798,0.00240474031291369,0.00257286063897358,0.00261021185746245,0.00258566447992304,0.00257255111765042,0.00265187608915851,0.00282339061360877,0.00308642387055385,0.00340951723733311,0.0035984913165463,0.00375115613142705,0.00381866525033667,0.00395334539635159,0.00432437156448196,0.0052642012383316,0.0066280252720228,0.00846604595135171,0.0111046025911709,0.013314459957705,0.0151588549508732,0.0164134847901056,0.0164521313632763,0.0155304370268057,0.0134100888155942,0.0111374423808751,0.00874996265106469,0.00610195190561523,0.00427698426624843,0.00281923440410214,0.00162652647414831,0.000970828676341028,0.000526824988709604,0.000247375441529537,0.000120170741245623,5.09764766042303e-05,2.05049824495782e-05,5.51191892761094e-06,0,0,0,0,0,0,0,0,0,0,0,0,0,0,0,0,0,0,0,0,0,0,0,0,0,0,0,0,0,0,0,0,0,0,0,0,0,0,0,0,0,0,0,0,0,0,0,0,0,0,0,0,0,0,0,0,0,0,0,0,0,0,0,0,0
0,0,0,0,0,0,0,0,0,0,0,0,0,0,0,0,0,0,0,0,0,0,0,0,0,0,0,0,0,0,0,0,0,0,0,0,0,1.70039954924649e-06,7.86490870003972e-06,3.39191625358525e-05,7.20754222766686e-05,0.000174025961940859,0.000316295098961819,0.000541166700765432,0.000914796413854782,0.00131727076252994,0.00174908911396336,0.00224229948637074,0.00256789411267708,0.00282900681714247,0.00298251045865617,0.00304732559902101,0.00310348882790167,0.00323222619865878,0.00341738471666206,0.00367005500343421,0.00396089017658787,0.00410546445775561,0.0041927314174498,0.0041560246932554,0.00418307594918953,0.00444559962966604,0.00527166789649809,0.00658403107181973,0.0084308045038313,0.0111725402665884,0.0135285819997585,0.0155447235915503,0.0169863163549056,0.0171337280904219,0.016260651493182,0.0141289193178118,0.011806412645842,0.00935083957090963,0.00661322125217233,0.00470953200899895,0.00317531316930693,0.00188313956182291,0.00115576778889484,0.00064798493342845,0.000315110382191719,0.000159706045362733,7.14430827556437e-05,2.88224124946505e-05,8.06212616865454e-06,0,0,0,0,0,0,0,0,0,0,0,0,0,0,0,0,0,0,0,0,0,0,0,0,0,0,0,0,0,0,0,0,0,0,0,0,0,0,0,0,0,0,0,0,0,0,0,0,0,0,0,0,0,0,0,0,0,0,0,0,0,0,0,0,0
0,0,0,0,0,0,0,0,0,0,0,0,0,0,0,0,0,0,0,0,0,0,0,0,0,0,0,0,0,0,0,0,0,0,0,0,0,1.05154788246242e-06,7.77438010523852e-06,3.16928540259196e-05,6.77612224607521e-05,0.000169962815330713,0.000312138463556525,0.000543843766764573,0.000932512140112939,0.00136570920944982,0.00184475343312093,0.00242525001754222,0.00284828845477312,0.0032249856298468,0.00351715539837338,0.00368106371153595,0.00380416905336159,0.00396182929273966,0.00413077768604448,0.00433687584548611,0.00455248727946334,0.00462411594942277,0.00462790883471598,0.00448056973882207,0.0044039818755048,0.00456513766316054,0.00528530480590236,0.00654294436150358,0.00838547219869991,0.0112022157690707,0.0136750145572484,0.0158353019744235,0.0174437285346219,0.0177003910650324,0.0168943465806641,0.0147925903385998,0.0124624242197642,0.00997897000759227,0.00718722602599519,0.00521921893779622,0.00361055604536241,0.00220677022986781,0.00139266092627685,0.000805852821704031,0.000403930510931105,0.000210886387595646,9.82897236792548e-05,3.95974078154925e-05,1.14238514062107e-05,0,0,0,0,0,0,0,0,0,0,0,0,0,0,0,0,0,0,0,0,0,0,0,0,0,0,0,0,0,0,0,0,0,0,0,0,0,0,0,0,0,0,0,0,0,0,0,0,0,0,0,0,0,0,0,0,0,0,0,0,0,0,0,0,0
0,0,0,0,0,0,0,0,0,0,0,0,0,0,0,0,0,0,0,0,0,0,0,0,0,0,0,0,0,0,0,0,0,0,0,0,0,6.29558343450051e-07,8.70065371141965e-06,3.15582546185585e-05,6.74601250784022e-05,0.000175079748966062,0.000323785658092714,0.000572581449667667,0.000993711129447368,0.001477183877416,0.00202673051422518,0.0027269431313398,0.00327630146217168,0.00379500036270437,0.00425057489240348,0.00452286587646309,0.00470815249640456,0.00486882324384478,0.00498541680272409,0.00510151089680853,0.00518928174820202,0.00515201335589835,0.00504837552733391,0.00477752229859395,0.00459651788774765,0.00465836629655494,0.00527249294875211,0.00646442483183645,0.00828078987642444,0.0111331271319296,0.0136846316029109,0.0159543869897521,0.017703640244062,0.0180678055631842,0.0173476388620584,0.0153211295476183,0.013031629160307,0.0105691029114023,0.00777167536733475,0.00576609962547576,0.00409626685610775,0.00258108490201932,0.00167280525514688,0.000996577715614693,0.000512838287958825,0.000273724301011948,0.000131776757879232,5.32423101312702e-05,1.5993109119823e-05,1.32389396685203e-07,0,0,0,0,0,0,0,0,0,0,0,0,0,0,0,0,0,0,0,0,0,0,0,0,0,0,0,0,0,0,0,0,0,0,0,0,0,0,0,0,0,0,0,0,0,0,0,0,0,0,0,0,0,0,0,0,0,0,0,0,0,0,0,0
0,0,0,0,0,0,0,0,0,0,0,0,0,0,0,0,0,0,0,0,0,0,0,0,0,0,0,0,0,0,0,0,0,0,0,0,0,0,9.56463653720818e-06,3.15583576179193e-05,6.77526417917212e-05,0.000182858992301433,0.000341719532189603,0.000614939804095618,0.0010814190086431,0.00163143117327656,0.00227167029120653,0.00311986471106698,0.00381993573637083,0.00450137506820194,0.00513735601961861,0.00552132254005525,0.00576012976715359,0.00589756978090134,0.00592938099013623,0.0059186538557935,0.00583675229762006,0.0056637291950674,0.00543833593062209,0.00504327368963854,0.00476934226395384,0.00474801515062077,0.0052757773329194,0.00640757490054219,0.00818927275556595,0.0110461551433881,0.0136386264931627,0.0159787772766408,0.0178365997662898,0.0183039536984442,0.0176905717696837,0.015789966727939,0.0135935595131597,0.0112016822325958,0.00844254543228341,0.00641839851944082,0.00469306130911533,0.00305895362754514,0.00204442985978672,0.00126565534614549,0.000685652578136407,0.000392051607840104,0.000216089464145711,0.000115148458379644,6.75866757548912e-05,4.47782025078264e-05,3.97493989552661e-05,3.36421920787877e-05,2.61688921916595e-05,1.78904665474246e-05,1.19277390948215e-05,7.33920145209158e-06,3.68596393142993e-06,1.90044781251701e-06,6.11795587953029e-07,2.4167605654652e-07,0,0,0,0,0,0,0,0,0,0,0,0,0,0,0,0,0,0,0,0,0,0,0,0,0,0,0,0,0,0,0,0,0,0,0,0,0,0,0,0,0,0,0,0,0,0,0,0,0,0,0,0,0,0
0,0,0,0,0,0,0,0,0,0,0,0,0,0,0,0,0,0,0,0,0,0,0,0,0,0,0,0,0,0,0,0,0,0,0,0,0,4.72824400607694e-07,1.36849335467388e-05,3.83647682108068e-05,8.07394303366193e-05,0.000215326870919993,0.000398973365012065,0.000716208029287402,0.0012554034434282,0.00189682461882996,0.00265222454418855,0.0036752589786836,0.00454467449020693,0.00540131005205427,0.00622340419601812,0.00671295975366855,0.00698799181606639,0.0070668544510594,0.00697509125698106,0.00679553536555079,0.00649674977131097,0.00615780088686304,0.00579338897046862,0.00526955929733187,0.00491055843297272,0.00481814654957214,0.00527401968232067,0.00634679435112051,0.00808098232394056,0.0109058870103682,0.0134963048073988,0.0158608059239949,0.01778307227635,0.0183366181046562,0.0178360029426099,0.0160960612665682,0.0140363503450759,0.0117619496543069,0.00908945405073859,0.00707433048718254,0.00530793271606461,0.00355874153995754,0.0024330868499703,0.00154445928561245,0.000858106672964454,0.000503428089186538,0.000289327980094929,0.000162611832060579,0.000103503584424315,7.34274477211403e-05,6.67670876488511e-05,5.8570809198343e-05,4.95770419486506e-05,4.26117478568126e-05,4.09179657785622e-05,4.34599424636275e-05,5.04189306493409e-05,5.6711138406243e-05,6.01704543020072e-05,5.95588863873732e-05,5.35833331628629e-05,4.43555601759463e-05,3.13946680530686e-05,2.13198395030166e-05,1.32319991132824e-05,6.62889465282847e-06,3.37514427401866e-06,1.57056915263455e-06,0,0,0,0,0,0,0,0,0,0,0,0,0,0,0,0,0,0,0,0,0,0,0,0,0,5.39367906163507e-07,1.18015127665143e-06,2.68167776620562e-06,4.81358741673003e-06,7.89668168069275e-06,1.27005161048074e-05,1.70925488847368e-05,2.10235372355367e-05,2.39326259564633e-05,2.41489917757912e-05,2.22700478703824e-05,1.79437637435794e-05,1.35751732858812e-05,9.38621976112448e-06,5.35292227180005e-06,3.03630899332691e-06,1.57403538520439e-06,6.35363902654776e-07,2.7020958801951e-07,0,0
0,0,0,0,0,0,0,0,0,0,0,0,0,0,0,0,0,0,0,0,0,0,0,0,0,0,0,0,0,0,0,0,0,0,0,0,0,7.81272556919315e-07,1.77399904319456e-05,4.54436820001162e-05,9.75824207185971e-05,0.000258311718273056,0.000478007661921778,0.000858576406449474,0.00150568193102865,0.00227781660850493,0.00319379681225241,0.00444605506826754,0.00552141744120675,0.00657381216835162,0.00758154609208816,0.00815462729810281,0.00842812754163476,0.00839360510667372,0.00813039952910151,0.00774122520899776,0.00719513657946881,0.00668582019786015,0.00620021949833993,0.00559175869278478,0.00519550100881287,0.00507476582199156,0.00548855711093659,0.00649593877139427,0.00814562278251668,0.0108596986369364,0.0133684223481966,0.0156802474691274,0.0175978110809422,0.0182097736744439,0.0178242772216069,0.0162791772149355,0.01439809098951,0.012287238432105,0.00974633837241316,0.00776430885188476,0.00596879484470707,0.00410730513582376,0.0028656988267623,0.00186067113301411,0.00105878441387962,0.000637370236906333,0.000381570176995206,0.000226733030768537,0.000155206508284509,0.000116571144348792,0.000106151371903357,9.33105007866207e-05,7.93130279170615e-05,6.88119709392668e-05,6.67858437340681e-05,7.16412549846034e-05,8.37433182994322e-05,9.44837900702419e-05,0.00010043099284335,9.94526834126314e-05,8.94999504158862e-05,7.40868513041183e-05,5.24383435709865e-05,3.56104121517604e-05,2.21013362670503e-05,1.10722067426643e-05,5.63748515332175e-06,2.62331312720454e-06,0,0,0,0,0,0,0,0,0,0,0,0,0,1.98310723825583e-06,4.49814426817902e-06,1.06724422322956e-05,1.98591513656986e-05,3.377311010611e-05,5.67164860013636e-05,7.91278522235029e-05,0.000100893441664071,0.000119924805659899,0.000125444687814393,0.000119924805659899,0.000100893441664071,8.00287555083141e-05,5.8687686270345e-05,3.82523019170653e-05,2.78992602893155e-05,2.38622267633159e-05,2.57117473522111e-05,3.05326988251655e-05,3.51155000833573e-05,3.99745351771053e-05,4.03359298302277e-05,3.71975400279884e-05,2.99713711434021e-05,2.26745382240517e-05,1.56777518983361e-05,8.94095700336608e-06,5.07153042391191e-06,2.62910275664375e-06,1.06124487647696e-06,4.51329607587836e-07,0,0
0,0,0,0,0,0,0,0,0,0,0,0,0,0,0,0,0,0,0,0,0,0,0,0,0,0,0,0,0,0,0,0,0,0,0,0,0,1.24978157307907e-06,2.24283023339701e-05,5.41841853766049e-05,0.000116699745517259,0.000305519145858695,0.000564179372412162,0.00101220992509322,0.00177354713343008,0.0026823545400309,0.00376646733187047,0.00525896548842542,0.00655062078159708,0.00780803157123363,0.00900975537597999,0.00966691106946413,0.00993277057242197,0.00976792303349891,0.00931421055341999,0.00869463277965858,0.0078771641763805,0.00717956009127997,0.00655854446553691,0.00585286843959707,0.00541339454617579,0.00526210236143917,0.00563655577681826,0.00657973476070743,0.00814030415975772,0.0107238029214153,0.0131247712746538,0.015354483274257,0.0172405004790513,0.0179047068923339,0.0176481123967812,0.0163354825780157,0.0146747034438999,0.0127682470015975,0.0103989924877552,0.00847221438241809,0.00665999578004317,0.00469260003358078,0.00333414997082676,0.00221052354092659,0.00128907626216351,0.000799178741597226,0.000501736731340118,0.000321286073196476,0.000240860475785022,0.0001966056623772,0.000185236449318174,0.000168141968794991,0.000147698249664651,0.000130691932284111,0.000125447520069521,0.000130143473970406,0.000145401564540691,0.000159493697043736,0.000166589865165462,0.000162885195685542,0.000145729947049664,0.000120269178792926,8.47951265543296e-05,5.75836153362224e-05,3.57388406681334e-05,1.7904249220019e-05,9.11606344653039e-06,4.24201363858524e-06,0,0,0,0,0,0,0,0,0,0,0,0,0,3.31237325147018e-06,7.51322594549874e-06,1.78261223075402e-05,3.31706326877675e-05,5.64110424168619e-05,9.47332385885143e-05,0.000132166821892061,0.00016852176774402,0.00020030975168291,0.000209529580871721,0.00020030975168291,0.00016852176774402,0.000133623622447658,9.79207568221124e-05,6.36540941726237e-05,4.61718452978832e-05,3.91545887000412e-05,4.18165626965679e-05,4.94783286731793e-05,5.67833205783094e-05,6.4640595763757e-05,6.52249869412947e-05,6.01500714818189e-05,4.84650360031147e-05,3.66657336471102e-05,2.53516199364149e-05,1.44579238966793e-05,8.20088955589512e-06,4.25137572608778e-06,1.71608001851125e-06,7.29819986424993e-07,0,0
0,0,0,0,0,0,0,0,0,0,0,0,0,0,0,0,0,4.6146598055578e-07,1.06572258994647e-06,2.24937647886065e-06,4.89518983825468e-06,8.47612219851606e-06,1.34133845748003e-05,2.06611072737256e-05,2.68228210612438e-05,3.18250290518304e-05,3.46969940814225e-05,3.3772709236256e-05,3.00437020695865e-05,2.31837837343192e-05,1.69192674327661e-05,1.12847590343679e-05,6.16355090637823e-06,3.37249577832466e-06,1.68649609033561e-06,6.51976381310819e-07,0,1.93550600678096e-06,2.77000241107466e-05,6.48890993199263e-05,0.000140800830249113,0.000363181370138898,0.000669416056856646,0.00119750067478053,0.00209429928115505,0.00316011996606339,0.00443400037111863,0.00618870166716967,0.00770706919241489,0.00916903579935719,0.0105492862060922,0.0112662710121292,0.0114941339789746,0.0111616015475312,0.0104896673787724,0.0096191473026497,0.00851788017892852,0.00763258055372405,0.00688683556430229,0.00610775873866953,0.00565014087995578,0.00549185196229266,0.00584599605231947,0.00672572802686269,0.00818034370198808,0.0105892931076897,0.0128347682804371,0.0149341730145592,0.0167452372964996,0.0174458573455189,0.0173238842182981,0.0162718368539483,0.0148638293210078,0.0131953404668007,0.0110307503804694,0.00917838484644503,0.00736202912746195,0.00530784406274574,0.00384697713114508,0.00262716421773541,0.00162764015704891,0.00112152675795871,0.000849213150474409,0.00073275503378651,0.000710657694553953,0.000704191341816447,0.000698486324930576,0.000642307887588106,0.000552794802385281,0.000438953128273128,0.000359558399502264,0.000307648618075826,0.000281384975804293,0.000277843235826809,0.000274390850973353,0.000260001032336223,0.000228354606771287,0.000188312715156498,0.000132746072137764,9.01466754752444e-05,5.59488606743503e-05,2.80289546712374e-05,1.42711222337785e-05,6.64083740845908e-06,0,0,0,0,0,0,0,0,0,0,0,0,0,5.35625441092295e-06,1.2149219473674e-05,2.88256301420848e-05,5.36383837685267e-05,9.12191567287806e-05,0.000153187847059667,0.000213719610983701,0.000272507170324119,0.000323909749762127,0.000338818622347246,0.000323909749762127,0.000272507170324119,0.000216000220253381,0.000158177880597816,0.000102558094589223,7.39916750147523e-05,6.22151685905329e-05,6.58508105905391e-05,7.7628677340706e-05,8.88938206240009e-05,0.000101194320204073,0.000102109179778702,9.41644414305021e-05,7.58716146417532e-05,5.73999039978414e-05,3.96877521815158e-05,2.26337607659705e-05,1.28384250465524e-05,6.65549367932597e-06,2.68650913311053e-06,1.14252717700092e-06,0,0
0,0,0,0,0,0,0,0,0,0,0,0,3.60090843152883e-07,8.16769023331524e-07,1.93789253944117e-06,3.60600698823761e-06,6.13249120340078e-06,1.10528426355403e-05,1.61099982251249e-05,2.19969788106714e-05,2.9777531528377e-05,3.66332298103583e-05,4.37013987366464e-05,5.20928503645617e-05,5.82126302823603e-05,6.23198189009482e-05,6.28483040085621e-05,5.88109809543313e-05,5.10474199686498e-05,3.87130529292335e-05,2.80163772138217e-05,1.84461016836974e-05,1.00749591910153e-05,5.51269192947381e-06,2.75675167513501e-06,1.06572258994647e-06,0,2.90190899484159e-06,3.34798874289946e-05,7.6683395351007e-05,0.000168224885324012,0.000426895395209388,0.00078533022203296,0.00139933899455097,0.0024416980177632,0.00367252744670316,0.0051441861461771,0.00716660966019445,0.00891009943755495,0.0105672631947338,0.0121052183987232,0.0128582570443638,0.0130229937297552,0.0124979983822313,0.0115947063147637,0.0104696575261727,0.00909328172804916,0.0080372136677194,0.00719091981054011,0.0063737446103065,0.00592862052309733,0.00578932759610241,0.00614049979439446,0.00695460890413787,0.00828278459463643,0.0104691771571237,0.0125089501565112,0.0144279820742244,0.0161179848287212,0.0168352557942072,0.0168477564870288,0.0160751877149,0.0149442218376323,0.0135406628084814,0.011609318293933,0.00985055937540561,0.00804593640426108,0.00591857136474571,0.00436174920189996,0.0030481926017797,0.00196362801356488,0.00142893858721892,0.00116398236419887,0.00108912279492119,0.00111063985273264,0.00113411261396364,0.001137531326988,0.00105491822438452,0.000914726553135641,0.000729035089362481,0.000594560943301318,0.000501721521025852,0.00044763455678876,0.000433645378121401,0.00042283447994449,0.000397043501734069,0.000347255048563722,0.000285829471733136,0.000201187653347019,0.000136624743797148,8.47951265543295e-05,4.24801994157988e-05,2.1629066281243e-05,1.00647384359548e-05,0,0,0,0,0,0,0,0,0,0,0,0,0,8.38517215921639e-06,1.90195030092506e-05,4.51262865420219e-05,8.39704479540794e-05,0.000142802838459192,0.000239814312717398,0.000334576290522071,0.000426607730418635,0.000507078045110282,0.000530417762333404,0.000507078045110282,0.000426607730418635,0.00033803274252686,0.000248358395294588,0.000162418921492315,0.000119506905908134,0.000103998098522632,0.000114905049672673,0.000138885888841088,0.000162438794387487,0.000187762854474858,0.00019205129389939,0.000179676224242807,0.000147459053203338,0.000113392518219909,7.97651074280072e-05,4.64991950724302e-05,2.68919356006166e-05,1.42286101441836e-05,5.89428580344247e-06,2.5646094838965e-06,0,0
0,0,0,0,0,0,0,0,0,0,0,0,6.01457779967561e-07,1.3642448644846e-06,3.23685138556308e-06,6.0230938912603e-06,1.02430667566352e-05,1.83952713751427e-05,2.67554852856316e-05,3.64185936933055e-05,4.90346696878067e-05,5.99717538813978e-05,7.10690600916715e-05,8.40450306194741e-05,9.33825090788803e-05,9.95247846749234e-05,9.99953132215575e-05,9.33844519399553e-05,8.09522219603294e-05,6.13347618155819e-05,4.43672738350423e-05,2.91907844170323e-05,1.59435292506951e-05,8.72378372569661e-06,4.36253389578132e-06,1.68649609033561e-06,0,4.21213141744691e-06,4.19830316161859e-05,9.45419864016861e-05,0.000209119163691849,0.000516677939166502,0.00094406132642318,0.00166434756553408,0.00288079607679766,0.004296135829579,0.00597795088574015,0.0082654223357748,0.010214202836222,0.0120315798373802,0.0136728907446728,0.0144140563312177,0.0144742650092599,0.013725812017517,0.0125829565274539,0.0112115945918856,0.00958693007751109,0.00839407573800965,0.00748570975965913,0.006678653422302,0.00628261035855677,0.00619016736441884,0.00655329222650258,0.00729615094971091,0.00847474058234957,0.0103914146437859,0.0121808517947306,0.0138791281204918,0.0154163906454523,0.0161410764450562,0.0162939387035343,0.0158185321031327,0.0149802417816298,0.0138558674111792,0.0121699787117707,0.0105133831858204,0.00873056732318499,0.00654921876622458,0.00491300526848931,0.00352406298184441,0.0023764721999262,0.00183236067329347,0.0015948980420248,0.00158652023542682,0.00166947018259603,0.00173300455909712,0.0017440712104783,0.00162206409043173,0.0014106810304677,0.00112627773713726,0.000917217185463067,0.000769758098277788,0.000678840338981509,0.000651293772713399,0.000630667431690542,0.000589547529523682,0.00051564065767801,0.00042678240376807,0.00030557639089633,0.000214017116865062,0.000140828719083137,8.10124660693675e-05,5.05872357952741e-05,3.21525257166248e-05,1.40076188676959e-05,1.05973226224399e-05,7.32725814389486e-06,4.17870498538e-06,2.37026410684321e-06,1.22875490757057e-06,4.95990446478349e-07,2.10936399824634e-07,0,0,0,0,0,1.27084220456085e-05,2.88256301420848e-05,6.83926201916732e-05,0.000127264160078852,0.000216429514623093,0.000363458428845789,0.000507078045110282,0.000646559305299446,0.000768518723881014,0.000803891996041036,0.000768518723881014,0.000646559305299446,0.000512149575534194,0.000376194088427656,0.000245705065361012,0.000180357634493002,0.000156451647174849,0.0001724583082937,0.000208444230085237,0.000243967262394964,0.000282480935609478,0.000289362382732993,0.000271137033674597,0.000222953723983206,0.000171736475800375,0.000121018971751517,7.07027551051859e-05,4.09669629950149e-05,2.17180190621508e-05,9.01853218934429e-06,3.93208810455826e-06,0,0
0,0,0,0,0,0,0,0,7.10251810185751e-07,2.49955846460715e-06,5.19279035915765e-06,1.10980217178827e-05,1.99157981033567e-05,3.17780722388174e-05,5.00887867344002e-05,6.72739169333487e-05,8.40587392168563e-05,0.000102306995835592,0.000113072762115005,0.000120146364658701,0.00012539942703679,0.000129294262289638,0.000134618817155708,0.000143643638703076,0.000151792011128343,0.000157267169962405,0.00015534890493769,0.000143580680680936,0.000124297167033319,9.40832586266983e-05,6.80235526145682e-05,4.47214412798723e-05,2.4426120140946e-05,1.33651832048544e-05,6.68357522238423e-06,2.58377900350874e-06,0,5.91900756922084e-06,4.99556096188743e-05,0.000111421916392351,0.000249953964057509,0.000605172232288663,0.00110103452712432,0.00192564841755455,0.0033151271658125,0.0049111931383539,0.00679785593105034,0.00933732697752451,0.0114724045868727,0.0134227840671175,0.0151280945264606,0.0158241999148117,0.0157540964402868,0.0147712037589854,0.0133979048227263,0.0118058054480643,0.00998078494075379,0.00869936670474333,0.00777893903007036,0.00703980052564152,0.00673310395012203,0.00671530396593637,0.0071002320746455,0.00776090789791155,0.00876202741553787,0.0103589755309696,0.0118528405223503,0.0132901918389843,0.0146412567914183,0.0153588086982395,0.0156488642904542,0.0154733459576784,0.0149303594797913,0.0140884521399672,0.0126512719218291,0.0111018710794339,0.00935047921753663,0.00713753843204939,0.00544362290464406,0.00400665036091986,0.0028337897590593,0.00231886600509726,0.00215326927910277,0.00227184676652441,0.00246562628298299,0.00260911732734603,0.00265376266822152,0.00249423999667533,0.00219638357761469,0.00178442116522115,0.00147738241007608,0.00125933700270692,0.00112511256398831,0.00108582477756673,0.00105738089758714,0.000995652378734829,0.000880683251802926,0.000737973902825107,0.000540305163864021,0.000387338111644934,0.000263357163766402,0.000160181651654113,0.000106570065718087,7.3888107941675e-05,4.25619342287875e-05,3.36165425114413e-05,2.44613986766906e-05,1.58597536258733e-05,1.01174797910397e-05,5.95359794161172e-06,2.83028203373382e-06,1.39173250164141e-06,4.96023018282978e-07,1.7972399868414e-07,0,0,0,1.86466205678273e-05,4.22948329823305e-05,0.000101118670107809,0.000188442452716435,0.000321045553622168,0.000540555689310299,0.000756154008674591,0.00096720009739321,0.00115495077087783,0.0012137487803504,0.00116679378721969,0.000989576395140549,0.000789627118747372,0.00058465949673573,0.000384299492166047,0.00028083491081085,0.000239182955433873,0.000256853210588206,0.000306616020893495,0.000357120073157502,0.000413096580025724,0.000423280303010066,0.000397281717736802,0.000327362888447088,0.000252616235490777,0.000178345690939117,0.000104436366724384,6.06337731348342e-05,3.22099110314483e-05,1.34091043970543e-05,5.85896690830283e-06,0,0
0,0,0,0,0,0,0,0,1.16097978448773e-06,4.08578592259435e-06,9.67503729937577e-06,2.11454268003148e-05,3.83882757420867e-05,6.29892792665553e-05,0.000102057127764307,0.000140369383207809,0.000179588311226465,0.00022320112220467,0.000249867842715914,0.000266270186877654,0.000273548175873261,0.000272823791686781,0.000269996284900951,0.000267486867150714,0.000266006380173164,0.000261900270511837,0.000247418436203106,0.000223021476109712,0.000189923857017427,0.000141812334099449,0.000101961058738107,6.67588207485725e-05,3.62287519848746e-05,1.98232017515299e-05,9.9130597780902e-06,3.83225367605266e-06,0,8.05238881414392e-06,5.88605672750159e-05,0.000130436843430963,0.000297112109630775,0.000704936886728053,0.00127602048898395,0.00221157384464375,0.00378325381584368,0.00556208656723088,0.00764918999768739,0.0104202613659604,0.0127109795175625,0.0147520372777833,0.0164653819291779,0.0170750918392577,0.0168485326229594,0.0156309054949923,0.014052026210152,0.012283889175058,0.0103271933111087,0.00901948314281269,0.00814545955315202,0.00753582768398349,0.00735807627847076,0.0074398168400889,0.00785054761841327,0.00841390479979957,0.00920566065084975,0.0104310888555733,0.0115858937456237,0.012726728267452,0.0138665556911722,0.014568379431019,0.0149948261323272,0.0151180209300526,0.0148633278993888,0.0142938662831078,0.0130910910059018,0.0116417495623673,0.00992296907589496,0.00769721200375189,0.00596850701662176,0.00451279258672038,0.00335650000206176,0.00291054625160433,0.00286044153103968,0.00316159952099855,0.00350694366001408,0.00375736778119482,0.00384122577631604,0.00362515090714751,0.00320752556187431,0.00262042552076455,0.00218009409278745,0.00186681598539887,0.00167611947503038,0.00162563923851429,0.00159568269132811,0.00152252082973458,0.00136924524214172,0.00117098863289948,0.000884540759246907,0.000653632527912691,0.000458834270272953,0.000288270355296337,0.000194129615184883,0.000133880116029257,7.81376619887097e-05,5.89630411841926e-05,4.16708068149841e-05,2.57287104242041e-05,1.64469673069919e-05,9.69712297331786e-06,4.61998321617805e-06,2.27554446839122e-06,8.19604849679307e-07,2.96967389608608e-07,0,0,0,2.64872881876923e-05,6.00792742029736e-05,0.000143802355369426,0.000268046730699401,0.000456787577632779,0.0007694082542093,0.00107670574418904,0.00137786226853016,0.00164724643616386,0.00173319720992088,0.00166931099728588,0.00142159304575624,0.00114128905028188,0.000854825458479413,0.000575842268933478,0.000432765975825917,0.000375705463373445,0.000399980258630721,0.000467168814025482,0.000533633755317004,0.000606086234618087,0.000615215233236184,0.000574155164496105,0.000471390730131286,0.000363305337973511,0.000256451024819118,0.000150290848987256,8.72045628762387e-05,4.64237682878267e-05,1.93769960238016e-05,8.48539737940162e-06,0,0
0,0,0,0,0,0,0,0,1.83723971507031e-06,6.4657182360653e-06,1.53725080203939e-05,3.36190163701721e-05,6.09547358001908e-05,0.000100032392051904,0.000162026786963949,0.000222732541158165,0.000284719955596739,0.000352933913435681,0.000394629746707406,0.000419532597674601,0.000429613636083047,0.00043190850105185,0.00043204203991937,0.000440410090519356,0.000456392888053191,0.000476769778833461,0.000495891395610302,0.000495702960333106,0.000477671663857587,0.000426987351880516,0.000366056234979483,0.000294512279034127,0.000209405021791944,0.000146334997750789,9.51127861041993e-05,5.13177731704355e-05,2.58809157523222e-05,2.38568534178617e-05,7.41630503382772e-05,0.00015410796249386,0.000351245131599862,0.000817268193056639,0.00147070804300052,0.00252359402372154,0.00428549957810323,0.00624668057401986,0.00852498756723484,0.0114980654818594,0.0139023948711451,0.0159795984824716,0.0176306415676702,0.0181023489593605,0.0176850247572776,0.0162255125878428,0.0144623459112296,0.0125613155140711,0.0105440049498757,0.009278999978352,0.00852024290179692,0.00811667729339812,0.00811929860732835,0.00833430845300231,0.0087806764992406,0.0092327848631307,0.00978479466530896,0.0105905172013402,0.0113661082228382,0.0121769793072344,0.0130768182886093,0.013745503895847,0.0142946829424186,0.0146994010375552,0.0147161682778853,0.0144054663299385,0.0134269410911067,0.0120793278721738,0.0104052835333672,0.00819939129289914,0.00646935618091679,0.00503417294233459,0.00394827250303789,0.00362264084819882,0.00374570905969829,0.00430476178009096,0.00486068576616453,0.00526348165537289,0.00541029275950224,0.00512908537035395,0.00456054862313843,0.00374614195833921,0.00312825118611772,0.00268300345906633,0.00240467942774786,0.00232508766906439,0.00227755496004815,0.0021711703378069,0.00195606726461325,0.00167874019178642,0.00127699509497248,0.000950994150178562,0.000674368989518885,0.000429839157256209,0.000293283817090726,0.000204823747278981,0.000123100171349366,9.26711232178931e-05,6.54878177289103e-05,4.04264773212785e-05,2.58951045186851e-05,1.52972631422604e-05,7.3036929836061e-06,3.60322584834385e-06,1.31110075384515e-06,4.75051079231189e-07,0,0,0,3.64253487634639e-05,8.26210860391503e-05,0.00019801758650942,0.000369198332888672,0.000629356025626439,0.00106055306170823,0.00148519456235025,0.00190201203486869,0.00227689156110591,0.00239950656273052,0.00231655552257098,0.00198200010524334,0.00160090241266785,0.00121103756641781,0.000829936734542561,0.000632974972629509,0.000551979851547191,0.000579813200341645,0.000666526801227416,0.000752416405650543,0.0008467856494404,0.000856314474825507,0.000797999611521924,0.000655147660381509,0.000505357570573173,0.000357043641949663,0.000209712833406209,0.000121891487891168,6.50328513101909e-05,2.72175005006257e-05,1.19459883658705e-05,0,0
0,0,0,0,0,0,0,0,2.81472422462977e-06,9.90573717702757e-06,2.36491722700599e-05,5.17534471004314e-05,9.37222483084818e-05,0.000153837961590885,0.000249121229836534,0.000342301032458135,0.000437230027107489,0.000540678206753312,0.00060307341386006,0.00063879048268136,0.000649952950711845,0.000649265972535912,0.00064440344623519,0.000651164365202272,0.00067181109226831,0.000701599994247356,0.000733667465505261,0.000739508259021587,0.000720376991148625,0.000653397098369057,0.000567156348632125,0.000461812997894124,0.000332483339712914,0.000234397422285056,0.000153460694687667,8.3365576175767e-05,4.27701184322426e-05,3.54186623481649e-05,8.8758628698466e-05,0.000179435173107137,0.000412410563500794,0.000942245836639751,0.001684608519342,0.002860235199738,0.00481778167980516,0.00695780574933459,0.00941366565673261,0.0125530164239593,0.0150249458362195,0.0170815576306247,0.0186019931821409,0.0188905646003363,0.018258710254365,0.0165665311432018,0.0146548805589263,0.012677042580371,0.0106805202038635,0.00953049339807646,0.0089539451029277,0.00882440963784546,0.00904879187201258,0.00941992353726284,0.00990039335357514,0.0102221126305724,0.0105031619969727,0.0108473389722406,0.0112133395528494,0.0116725127313622,0.0123170736585205,0.0129425836250961,0.0136028557204513,0.0142673947719169,0.0145302281981387,0.0144536289677572,0.0136757687705689,0.0124221857306329,0.0107977525608412,0.00863967884209224,0.00694149656633691,0.00556815591103484,0.00461240127107762,0.00446653809864964,0.00483117654166985,0.00573984624855667,0.00657922381419151,0.00719159015209226,0.00743375605021091,0.0070802074126697,0.00632647446591735,0.00522355377454468,0.00437498811113208,0.00375331304935143,0.00335087624763775,0.00322448894649921,0.00314801394641755,0.00299622543409989,0.00270405957035613,0.00232948644483126,0.00178592735792074,0.00134154106010071,0.000961664548106028,0.000621998544887968,0.00043006062638504,0.00030406354300382,0.000187664272172687,0.000141095941548397,9.96940340287005e-05,6.15231596281206e-05,3.94880520660186e-05,2.33716458339406e-05,1.11823452511313e-05,5.5254914249054e-06,2.03046951501323e-06,7.35699931240364e-07,0,0,0,4.84952049901388e-05,0.00010999830173199,0.000264031416955967,0.000492424248099756,0.000839708312664381,0.00141574836287851,0.00198376076532814,0.0025421814890053,0.0030465971482127,0.00321443330270109,0.00310822386351401,0.00266675586188232,0.0021609175100353,0.00164310520222686,0.001135454019777,0.00087201004082794,0.000762137354797094,0.000795930093607942,0.000908421041688011,0.00102009826684611,0.00114333720181079,0.00115454777774407,0.00107584022039646,0.000884046939244018,0.000682807295611618,0.000483149114213879,0.00028443357352459,0.000165604479001833,8.85553884306223e-05,3.71641933375543e-05,1.63494314765345e-05,0,0
0,0,0,0,0,0,0,0,4.1747909717757e-06,1.46921612332651e-05,3.52263401425147e-05,7.7140172282545e-05,0.000139541807007121,0.000229105116136388,0.00037094877648321,0.00050949994584187,0.00065035684727467,0.000802465351397048,0.00089306618002213,0.000942766886121828,0.000953533684938283,0.000946987542073653,0.000933153920940481,0.000935524707961472,0.000961663830562492,0.00100484991492904,0.00105747683043306,0.00107551122873213,0.00105948226002754,0.000975042777755008,0.00085655650670177,0.000705385190928954,0.000513690185509742,0.000365018505902888,0.000240517788299117,0.000131437608658892,6.84275118701666e-05,5.171908227311e-05,0.000106361688582624,0.000208558734673563,0.000481640034236016,0.00108259655815501,0.00192253808418897,0.00322962659284398,0.00539297196131917,0.00771304406125954,0.01033656730564,0.0136088106994928,0.016102160712178,0.0180796988288473,0.0193986275395378,0.019457814963756,0.0185881079721753,0.0166744608386999,0.0146522156768347,0.0126548181388476,0.0107590382382684,0.00979246844119922,0.00945789340437277,0.00965929912054138,0.0101359616290113,0.0106747303671081,0.0111759808963099,0.0113415595339015,0.0113181223802219,0.0111633050993954,0.0110976845003191,0.0111941341299843,0.0115805998603257,0.0121603346763047,0.0129231855237536,0.0138249144738576,0.0143052279807229,0.0144340707225964,0.013829533542145,0.0126607230444794,0.0110901552794876,0.00900769406141561,0.007374382144037,0.00610457649362173,0.00533907328550607,0.00543236158604663,0.00610594094916152,0.00745261856318141,0.00864619291206526,0.00952446055918723,0.00989755058766555,0.00947241200191302,0.00851244866147213,0.00708109724565821,0.0059691092513917,0.00514662668280527,0.00460337161617174,0.0044226127424196,0.00430859172843634,0.00409288914943378,0.00369684157526823,0.0031960689971808,0.00247116067726929,0.00187987213165813,0.00137778385418001,0.000936388055646729,0.000695078680656956,0.000543548475891073,0.000406845196354495,0.000348721084664184,0.000286365617539541,0.000213097860364364,0.000157845569374514,0.000108534192368867,6.25606509466686e-05,3.6233699735451e-05,1.8658802388491e-05,7.97466364273276e-06,3.1405592524002e-06,0,0,6.25061484355808e-05,0.000141778350604347,0.000340905555109245,0.000636010823402215,0.00108499592699332,0.00183037222750312,0.00256645793637388,0.00329140911061304,0.00394951491281205,0.00417275372953602,0.00404229109147968,0.0034794090589931,0.0028301364934356,0.00216497396617678,0.00151087220758329,0.00117007476345632,0.00102601953948931,0.00106541179204212,0.0012064854735464,0.00134674859481561,0.00150201620681986,0.00151392059016367,0.00141026011183123,0.00115971923687628,0.000896844167959094,0.000635544641186754,0.000375018096953704,0.000218714633769905,0.000117225472838182,4.93334402709841e-05,2.17536052023121e-05,0,0
0,0,0,0,0,0,0,0,5.9946313304032e-06,2.10966466670317e-05,5.08043279244537e-05,0.000111329509739299,0.000201183540007306,0.000330410689460494,0.000534928005058848,0.000734496371808279,0.0009370020800875,0.00115384981909757,0.00128150837481253,0.00134862666810422,0.00135652166046782,0.00134013201204874,0.00131195302491857,0.00130615025121893,0.00133889353215245,0.0014010335951331,0.00148525506024344,0.00152509160308069,0.00151957402217807,0.00141858303998625,0.0012608736568332,0.0010498458434976,0.000773886114903246,0.000556052357104077,0.000372285446839862,0.000211573953115419,0.000120657631156706,9.29000678369626e-05,0.000149782140491177,0.000264610988654784,0.000579716393950691,0.00125407123126785,0.00219367074394177,0.00363327558678078,0.00600172445374209,0.00849431112049282,0.0112673760050855,0.0146321447129807,0.0170991159815396,0.0189421437148398,0.0199987350883281,0.0197943792565704,0.0186765725311607,0.0165664859216889,0.0144794854620362,0.0125236606753429,0.0108077839342649,0.0100888189262754,0.0100515487282773,0.0106332748924359,0.0113877066745832,0.012103908257594,0.0126174313500445,0.0126110111424611,0.0122635868608651,0.0115909998304864,0.011083783626926,0.010811654114251,0.0109325436975739,0.0114524076748286,0.0122935659775129,0.0133907255398909,0.014047719919643,0.0143445690694,0.0138805934236592,0.0127855240323046,0.0112712274489733,0.00929077615720309,0.00775390919434899,0.00662717849091473,0.00610889544692529,0.00649799586045873,0.0075464135195818,0.00941995878846534,0.0110397700110611,0.012244228731933,0.0127896247770056,0.0122973348244823,0.0111102928801255,0.00930330066697409,0.00788305352800219,0.00681989700990069,0.0061012588842344,0.00584922556661021,0.00568864233903712,0.00540116254353135,0.00489079041116976,0.00424867952126108,0.00331759958754666,0.00255440255661534,0.00190448107346109,0.00133123971821834,0.00101726618255789,0.000819005344308391,0.000638287235105239,0.000552664592554372,0.000457743405066526,0.000342791780809532,0.000254619936156946,0.000175447707392211,0.000101321170339335,5.87517386181826e-05,3.04436873145421e-05,1.28334442059973e-05,5.13356777375755e-06,0,0,7.79965758894769e-05,0.000176914210188355,0.000426239332763423,0.000795521578658883,0.00135773646090184,0.00229201256538404,0.00321624057640759,0.00412834594840783,0.00496108254273796,0.00524972902740233,0.00509642005509476,0.00440328192411672,0.00359760854173057,0.00277143681012064,0.00195638141148293,0.0015300564947807,0.00134747764561255,0.00139135673135305,0.0015621855512039,0.00173210733645416,0.00192052005684668,0.00193118382097398,0.00179784374620577,0.0014792684923848,0.00114529574889133,0.000812766475980134,0.000480704454683719,0.000280814424600609,0.00015086012086247,6.36662084049831e-05,2.8139091893961e-05,0,0
0,0,0,0,0,0,0,0,8.33333961840905e-06,2.93271615544251e-05,7.09441785876258e-05,0.000155571377636698,0.000280871144075655,0.000461446231969372,0.000747057238809045,0.00103024318531216,0.00131812532076453,0.00163176312698375,0.0018265429084984,0.00194448414349399,0.00199392568966016,0.00200806752979187,0.00200128631586021,0.00201711206952433,0.00206485837322279,0.00213817852271137,0.00222752246081521,0.00225840713728684,0.00223058584326937,0.00207300079740891,0.00184276762835111,0.00153824206884322,0.00113854631063689,0.00082127211518242,0.000550888189625506,0.000315496338693252,0.00018290926143168,0.000134987106083396,0.000189137501147101,0.000315671214600331,0.000674485425293632,0.0014277188740611,0.0024722018119948,0.00404817650707485,0.00662174290018433,0.00927877503120383,0.0121819391793741,0.0155987144134783,0.01799443635856,0.0196543109616236,0.0203996072459975,0.0199094931886395,0.018544737381879,0.016271099934167,0.0141665399995569,0.012308265444732,0.0108360779414423,0.0104088417902357,0.0106981695260868,0.0116751242083798,0.0127059084520442,0.0135877422986026,0.0140922007713888,0.0138996230548933,0.0132214219245764,0.0120391305287791,0.0111076412794246,0.0104880006203471,0.0103622715819228,0.0108225509174298,0.0117239669998813,0.0129748553757102,0.0137640751184437,0.0141866006426483,0.013826127342791,0.0127916199512977,0.0113345367717427,0.00947861970142309,0.00806639360722664,0.0071182610823111,0.00689825317582399,0.00763421028687048,0.00911737870769268,0.0116005803969427,0.0137174597485201,0.0153127686797676,0.0160866311677483,0.015551652528581,0.014141142277558,0.0119405992506929,0.0101875977131727,0.00885755037195704,0.00793492217892774,0.00759163506927108,0.00736635426545261,0.00698404124073288,0.0063349481015013,0.00552406208651918,0.0043481555550049,0.00337956587717815,0.00255175310650823,0.00181865430884686,0.00141713333316026,0.0011639596942239,0.000934334125004755,0.000817378871884816,0.000684017539427572,0.000517524899479061,0.000387089185044861,0.00026835463813983,0.000155939773397017,9.08157872756174e-05,4.74293523234255e-05,2.00249985666414e-05,8.12382327407535e-06,0,0,9.42230578279287e-05,0.000213719610983701,0.00051609580021339,0.000963654153011719,0.00164555906565362,0.00278001197380579,0.0039045165727382,0.00501685026404019,0.00603903543324583,0.00640198824803022,0.00623034396965181,0.00540649588387589,0.00444094191005506,0.00344980934484851,0.00246969329083772,0.0019566733740781,0.00173679928285414,0.00178932234734352,0.001994589274033,0.00219821446139337,0.00242235206858622,0.00242949220182821,0.00225985407459331,0.00186000012414829,0.00144146951088281,0.0010241838378548,0.000606997562320739,0.00035509216741872,0.000191160225761732,8.08729629164406e-05,3.58167359087807e-05,0,0
0,0,0,0,0,0,0,0,1.16195036831734e-05,4.04028009823891e-05,9.7892777324534e-05,0.000214783709232723,0.000387134300542728,0.000635826970900635,0.00102849362098947,0.0014180762776033,0.00181274250142448,0.00223988469031801,0.00250410443584644,0.00266235615092598,0.00272596101437398,0.00274427879723681,0.0027325348881544,0.00275075315702185,0.00281423428545772,0.00291665840717443,0.00305103460151284,0.00311248000914033,0.00309919200094471,0.00291196896300069,0.00261224471006529,0.00219939520133104,0.00164194166323702,0.00119157190558874,0.000803391301194474,0.00046340468595033,0.000272654841226986,0.000194357666948936,0.000240718323626647,0.000377343119291195,0.000778140177091429,0.00161037916268688,0.00275823657649807,0.00446656800932742,0.00723421018654628,0.0100393075882997,0.0130466323554498,0.0164721994893949,0.0187554157038448,0.0201926150465437,0.0205939223563092,0.0198110155025643,0.018213865850459,0.0158190479698054,0.0137456534360711,0.0120361630635095,0.0108584577002113,0.0107511670841691,0.0113839897175705,0.0127567085059505,0.0140581587939123,0.0151022410056855,0.0156074916746524,0.0152554142965873,0.0142875223282799,0.0126555937127121,0.0113431774598839,0.0103998881779304,0.0100199647347131,0.0103823551586541,0.0112825922246956,0.0126007371090596,0.013453587089305,0.0139461012580689,0.0136480213257785,0.0126625648164727,0.0112637298172285,0.00955532207596398,0.00829316807673325,0.00755284601391184,0.00766965658986484,0.00878882533178378,0.0107489834935118,0.0138998331914995,0.0165655220301889,0.0186031596498038,0.019658395068747,0.0191145959149057,0.0175027119499061,0.0149182304677386,0.0128301515286275,0.0112246715656588,0.0100830748940032,0.00963465519285646,0.00933047458384802,0.00883408142859586,0.00802638453271522,0.00702427048040177,0.00557209515495141,0.00437047743345334,0.00334006631007425,0.00242620489277712,0.00192677266536073,0.00161331948016992,0.00133085706089842,0.00117641683882363,0.000994470507079642,0.000759831765035634,0.000572004611674268,0.00039877418144248,0.000233039884057963,0.000136250631422288,7.16554989564071e-05,3.02929932433019e-05,1.24460199605885e-05,0,0,0.000110196476979323,0.000249951007053971,0.000605178057289443,0.00113056175700406,0.0019317375581891,0.00326632966227087,0.00459229699338689,0.00590737605369049,0.00712490123217825,0.00756891642156834,0.00738696414465266,0.00644254654117962,0.00532437370240464,0.0041750370889306,0.00303474061744386,0.00243625084109839,0.0021774977016084,0.00223345202821481,0.00246701548353772,0.00269787913099788,0.00295061437713484,0.00294939466319591,0.00273990371878356,0.002255152962937,0.00174921312821578,0.00124425577222929,0.000738987200958293,0.000432911844531533,0.000233563133597927,9.90687925529786e-05,4.39689856246468e-05,0,0
0,0,0,0,0,0,0,0,1.52877227293405e-05,5.29842870091046e-05,0.000128867074751553,0.000283517947951093,0.00051078006245246,0.000839618704230852,0.00136044216561456,0.00187987889450276,0.0024077739712152,0.00298245366167451,0.00334444009314925,0.00356846194149187,0.00367054398345236,0.00370939444175733,0.00370101503263649,0.00372333195221203,0.00379893197141052,0.00392504745044544,0.00409895648781153,0.00418766787045748,0.00418561628143752,0.0039588417171852,0.0035730861005254,0.00302695743156881,0.00227360801730419,0.00165780081345312,0.00112239733980359,0.000651876589762793,0.000388986200733387,0.000271469510422005,0.000305716044574424,0.000450449809930691,0.000888921337774236,0.00179568812200788,0.00303945346372786,0.00486855740759053,0.00780778561562086,0.0107354156711358,0.0138139150441082,0.0172028279741201,0.0193375081005953,0.0205242933615953,0.020568462122939,0.0195030720171615,0.0177024915143198,0.01523714892703,0.0132427794031879,0.0117250074794586,0.0108743824587857,0.0110943366326356,0.0120561450440652,0.0137850048143803,0.0153128227022959,0.0164740822747409,0.0169378040852309,0.0164111050112089,0.0151592884248639,0.0131140471047696,0.0114672545975378,0.0102509631137382,0.0096681833078218,0.0099563040846339,0.0108554771838454,0.0122160171210916,0.0131002975233008,0.0136278571482325,0.0133611564167445,0.0124132247287469,0.0110721950466306,0.00952212579772339,0.00842562504114985,0.0079114178345674,0.00838695876299378,0.00990804604860655,0.0123640884273644,0.0162096522208735,0.0194509815967354,0.0219634547840935,0.0233435034945622,0.022829948000768,0.0210543083335349,0.0181217822263549,0.0157197392643691,0.013851263567923,0.012497629766333,0.0119441572196944,0.0115601203461415,0.0109484842990827,0.00998235274616153,0.00879011671169792,0.00706129811448784,0.00562276552775153,0.00438297816433643,0.0032744292967283,0.00266182506446605,0.0022695994292118,0.00190920727956396,0.00169220026704842,0.00143465832237197,0.00110361502996255,0.000838779347466787,0.000598907441749932,0.000379739876862384,0.000264596873273594,0.000204269690998971,0.000187786714166057,0.000194796043564909,0.000198222883519858,0.000202551073982143,0.000311560434817674,0.000440436858760895,0.000801142008999717,0.00136341158956841,0.00224633885941296,0.00374332476121211,0.00524657282053533,0.006747860483126,0.00815253450954905,0.00868066054964897,0.00850274594780045,0.00746487181587684,0.00622070144455188,0.00494024200852122,0.00366609538323037,0.00299586737902736,0.00270311261813969,0.00275755128528951,0.00300889700540114,0.00325446493554424,0.00352012524464879,0.00349985507606314,0.00324268693644233,0.00266631082301349,0.00206880602991265,0.0014726859696164,0.000876108494294736,0.0005138810484985,0.000277827997628948,0.000118135961960385,5.25375778916688e-05,0,0
0,0,0,0,0,0,0,0,1.95237308728164e-05,6.73876791995505e-05,0.000164498751076767,0.000362359190887133,0.000652298297014227,0.00107267673745957,0.0017387191481806,0.00240604600984076,0.00308444434864275,0.00382482084720132,0.00429712341495412,0.00459668305503022,0.00474712877492271,0.00481832747830134,0.00482456402848224,0.00486572068070024,0.00496627640306364,0.00512940589037406,0.00535947028403581,0.0054881132094157,0.00550668990826784,0.00524014184555059,0.00475529166581271,0.00405011118509669,0.00305859918885223,0.00223925373101087,0.001521587494804,0.000889601903307737,0.000537965439279634,0.000370525861349191,0.000386761890334475,0.000536185894180539,0.00100485820309066,0.0019768006091,0.00330306563698296,0.00523417312199206,0.00831273139965482,0.0113306899420863,0.0144439717202864,0.0177536769256571,0.0197127893789872,0.0206350658915661,0.0203274941921371,0.0190032666731433,0.0170360376127649,0.0145489095503452,0.0126713014808466,0.0113711316422157,0.0108538951720206,0.0113836274533045,0.0126400608991683,0.0146665967676125,0.0163712644792135,0.0176125455162682,0.0180222664232608,0.0173434835402036,0.0158567129704421,0.0134799481044188,0.0115676696823836,0.0101318641226371,0.00937740649871672,0.00958636980405508,0.0104543936487298,0.0118048098672853,0.0126773734425533,0.0132026834229189,0.0129418009188976,0.0120263263694949,0.0107460488259274,0.009364195586234,0.00844310858746055,0.00816152162827107,0.00899558275773508,0.010911762272083,0.0138529414827416,0.0183815237303881,0.0221979994369454,0.025202057283941,0.0269535641579487,0.0265315512772508,0.0246655183271892,0.0214699879777816,0.0188113785508274,0.0167176275310213,0.0151685639625956,0.0145065696909125,0.0140289717982751,0.0132797286433843,0.0121371810539151,0.0107381073061588,0.00871548101254509,0.00702858121952755,0.00557283111695563,0.00426840324390816,0.00354631281220934,0.00307942620539075,0.00264273539237487,0.00235521682245484,0.00200641747046113,0.00155070695942737,0.00118268039122879,0.000849164850578611,0.000545863859833547,0.000389187996575232,0.000311389103438453,0.000297482086006431,0.000314746387078029,0.000324015732574107,0.000331090605961351,0.000442094777850661,0.000567553220795815,0.00094209103988455,0.00154270929781363,0.00250095250269723,0.00414164072640008,0.00580084456481199,0.00746669539845723,0.00904199609378943,0.00965401608024181,0.00949346500974476,0.00839355286604699,0.0070555220550831,0.00567597170918586,0.00429853046427927,0.00357257374906658,0.0032529055233554,0.00330466046658388,0.0035676588944447,0.0038210881403427,0.00409045530043474,0.00404619326094173,0.00373936004347473,0.00307164739404145,0.00238398067418551,0.00169811771931688,0.00101189852410887,0.000594158996544609,0.000321861085786079,0.0001371753451892,6.11193653796586e-05,0,0
0,0,0,0,0,0,0,0,2.42176414807581e-05,8.31595476262198e-05,0.000203694122160416,0.000449319066987468,0.000808236723575148,0.00132966890130703,0.00215633600328689,0.00298930730776047,0.0038367586163662,0.00476592805135019,0.00536865457477065,0.00576375207911522,0.00598642598653628,0.00611251654531962,0.00615214695548585,0.0062294142052543,0.00636452377848076,0.00657054634747875,0.00686244576470125,0.00703591533823772,0.00707965804874621,0.00677206784305326,0.00617710937939964,0.00529052342142275,0.00402140120253236,0.00296120809289211,0.00202462877150315,0.00119644738302479,0.000735518461635182,0.000503315110670325,0.000490970855380104,0.000638145435045666,0.0011240483711864,0.00214382431359993,0.00352962237460597,0.00553127257914003,0.00869823128056326,0.0117581352151725,0.0148563621984766,0.0180368001060859,0.0197970358328234,0.0204549341865699,0.0198265169534855,0.01829142460669,0.0162167424267459,0.0137755457816953,0.0120610582519014,0.0110059547631328,0.0108219982408522,0.0116312886044932,0.013131095281012,0.015373522953994,0.0171873156558253,0.0184606498098803,0.0188050932769898,0.0180101694256712,0.0163600880203969,0.0137658537954712,0.0116817758319566,0.0100979732010626,0.00921727989663579,0.00934719236655225,0.010157572065648,0.0114553682315586,0.0122915804292117,0.0128042468200701,0.012563244967272,0.011705275000047,0.0105071981828163,0.00929885423628468,0.00853691068983418,0.00845090898265299,0.00957567244928766,0.0118180952046957,0.0151719505864832,0.0203030764762963,0.0246470363426771,0.0281266014649378,0.0302810792470735,0.0300193845438714,0.0281609606634101,0.0248271873123664,0.0220019785780399,0.0197461215675185,0.0180375079764786,0.0172681713267081,0.0166839684044125,0.0157743631201718,0.0144402388592903,0.0128224137305683,0.010496778887053,0.00855618549832652,0.00688180262158472,0.00538236818641767,0.00455564085620105,0.00402009633185621,0.00351373505863074,0.00315311115522132,0.00270306299594141,0.00210277939381728,0.0016115614587196,0.00116517943665135,0.000761026137236601,0.000556432256569548,0.000462083430160502,0.000457817288602146,0.000492984467389841,0.000512751884353795,0.000523947805712473,0.000628316445704504,0.00073643549660956,0.00109995983853357,0.00171131407491489,0.00271087242541064,0.00444696956352704,0.00621944409803211,0.00801093215093967,0.00972613916270185,0.0104168551117519,0.0102905415069596,0.00917287318812612,0.00778851860278676,0.00635809803639192,0.00492484462006383,0.00416846910506872,0.00383291114817332,0.0038789757076511,0.00414209138277574,0.00439007446040729,0.00464612286271913,0.00456894292699786,0.00420921873879416,0.00345234848236621,0.00267932480831072,0.00190911635336411,0.00113920094020197,0.00066946971737665,0.000363307991646069,0.000155164187338552,6.92515566828483e-05,0,0
0,0,0,0,0,0,0,0,2.92007186450249e-05,9.96297667439726e-05,0.000244790072136598,0.000540808865614077,0.000972130847988634,0.00159998577765381,0.00259630495529672,0.0036071449218608,0.00463689025225752,0.00577374337947793,0.00652665034930098,0.00704044268863619,0.00736723804781769,0.00757921759795349,0.00767949350296378,0.00781722948054573,0.00799738269975423,0.00824875026477562,0.0085989395620573,0.00881209017188411,0.00887487673888434,0.0085138924354367,0.00779118069722107,0.00669750988338551,0.00511181821676144,0.00377763659402886,0.00259214943913322,0.00154329201556825,0.000961215246338607,0.000656826020961403,0.000611193393677181,0.000751606691351906,0.00124137877706337,0.00228785081446457,0.00370583250867785,0.0057409195867928,0.00893944893018894,0.0119919327065473,0.0150307335121129,0.018048964562139,0.0196088734065096,0.0200270814243511,0.0191340703946075,0.0174473272483183,0.0153227455243621,0.0129752614492767,0.0114426975780714,0.0106274034876989,0.0107382006743725,0.0117692699930016,0.013442206622114,0.0158068406913037,0.0176617118002885,0.0189261882056355,0.0192109644620088,0.0183519887649734,0.0166249977444671,0.0139382211921133,0.0117778164296532,0.0101137246811874,0.0091381046877513,0.00917705571807517,0.00988977819885467,0.0110711191439355,0.0118210452992268,0.0122754116640731,0.0120174143560817,0.0112006950030478,0.0100768059128533,0.00903626958639295,0.00843246449908533,0.00853526268230407,0.00992470722731396,0.0124505968822608,0.0161559406392016,0.021801537105829,0.0266086681389382,0.0305309809833042,0.0331116162615452,0.0330880394539522,0.0313549373785967,0.0280418303799594,0.0251687487893033,0.0228366873311562,0.0210203409701849,0.0201500411604935,0.019446817472341,0.0183554043057639,0.0168212772333011,0.0149851518518287,0.0123699360673493,0.0101926751801275,0.00831812719275014,0.00664387307620462,0.00572620077270691,0.00512974188458645,0.00455591328814863,0.00411281128496115,0.00354726532599744,0.00278035080724504,0.0021499565470383,0.0015834521005524,0.00108882933061851,0.000863182245162985,0.000793279499450592,0.000854634900209517,0.000946972968262282,0.000997031366441679,0.00100524275839341,0.00106631724901815,0.00110341364046117,0.00137826294263325,0.00193207382641791,0.00290468282549859,0.00465560117262755,0.00647783158676816,0.00833988630078153,0.0101494224463323,0.0109088065931205,0.0108338093215797,0.00974885610845148,0.00837418269906033,0.00695002013363921,0.00551795872193938,0.00476187689391168,0.00442420198862612,0.00446182954078828,0.00471204527978489,0.00493951551058777,0.00516303040957499,0.0050436817947442,0.00462905363928213,0.0037887004816436,0.00293910723604998,0.00209415921756623,0.00125090380316328,0.000735544075356966,0.000399794812165621,0.000171059783222681,7.64582424322301e-05,0,0
0,0,0,0,0,0,0,0,3.42575899073124e-05,0.000115961292233457,0.000285665303255971,0.00063222176609597,0.00113570365688907,0.00187000404878851,0.00303674568356404,0.0042302295275828,0.00544828482680836,0.00680554069068985,0.00772680775850369,0.00838494874462601,0.00885564121403221,0.00919272337825947,0.009389320788681,0.00961850520338913,0.00985522057298847,0.0101505636919616,0.0105464197579522,0.0107857152338469,0.0108547278980917,0.0104255955684625,0.00956081588254825,0.008241899787836,0.00631211648325689,0.00468052190796476,0.00322371415834644,0.00193631934507278,0.00122521555668806,0.000844779648501179,0.000765092560105322,0.00090179550230473,0.00138951267891083,0.00245272429387513,0.00388660687386016,0.0059331414970142,0.00912961502451284,0.0121464110003881,0.0151000024532764,0.0179344354660235,0.0192876632913201,0.0194726937209977,0.018336432706574,0.0165248933177116,0.014378648956491,0.0121462428934079,0.0107998171116417,0.0102094270314638,0.010569376482828,0.0117600016897977,0.0135330562537475,0.0159289924212776,0.0177629939689856,0.0189889688235385,0.0192388753339028,0.0183880306996853,0.0166925209486483,0.0140620651626718,0.0119362336822085,0.0102683406441658,0.00923440141097645,0.00917182295378029,0.00975081577038923,0.0107654400799305,0.0114011822730026,0.0117807503657719,0.0115066979810806,0.0107401490378385,0.00969485945644326,0.00880688188930406,0.00833427651401626,0.00857867734591086,0.0101476334478525,0.0128599712126055,0.016801000008461,0.0228095711687121,0.0279691156471992,0.0322643624510028,0.0352690865611245,0.0355557761973189,0.0340740973243605,0.0309613242033437,0.0281783330343336,0.0258715458435789,0.0240104493745185,0.0230483644846719,0.0222131862098735,0.0209231218048032,0.0191912572279178,0.0171585294887436,0.0143115570524786,0.0119687530912724,0.00997956240755462,0.00824056989901636,0.00731707475769331,0.00672266471804227,0.00611441680750286,0.0055702256218732,0.0048335165171718,0.00380306456778348,0.00294431838446585,0.0021763728991904,0.00151631301606321,0.00122879555773924,0.00116076636230105,0.00127798511191839,0.00142567069370506,0.00151081267014143,0.0015216380322243,0.00153549992150271,0.00149273092222225,0.00165692514925764,0.0021243040913213,0.00302997050667428,0.00473456453663473,0.00655000291328357,0.00843002409993523,0.0102913629123669,0.0111104768785832,0.0111078063668032,0.010112721324703,0.00880913695706902,0.00745138882186219,0.00607783250270621,0.00535025117483029,0.00502017559320191,0.00504119789140137,0.00526147153664594,0.00545044778087071,0.00562004787674772,0.00544914211164183,0.00497851168667893,0.00406357352301294,0.00314964897150302,0.00224319945090289,0.00134073688351157,0.000788602685941885,0.000429196513002282,0.000183917280206481,8.23041397100964e-05,0,0
0,0,0,0,0,0,0,0,3.91470014649811e-05,0.000131234161188783,0.00032394394791181,0.000718369913414042,0.00128965254158756,0.00212437250389927,0.00345293553417478,0.00482507847714574,0.00622888407855385,0.00781146492202063,0.00891627187724823,0.0097455293648007,0.0104061136701783,0.0109138820564455,0.0112492429345524,0.0116061014578175,0.0119107060712482,0.0122440730340725,0.0126635033710817,0.0129073557007506,0.0129642915238124,0.0124528326858695,0.0114385821340569,0.00988784476232062,0.00760233704563763,0.00566080242539908,0.0039174456067594,0.00237619436575034,0.00152557630729417,0.00105945097925586,0.000934457888424506,0.00105547416322813,0.00151990099122324,0.00256501506352637,0.00397177043205778,0.00597356477079487,0.00908539556438594,0.011996089672929,0.01480476467336,0.0174174150439116,0.018571081848794,0.0185673986550316,0.0172746216959697,0.0154221867251909,0.0133303307549845,0.0112711364933099,0.0101290340754953,0.00975215809765135,0.0103144827681863,0.0116012672803411,0.0134054555387119,0.0157472807842185,0.0175060343732278,0.0186716873493648,0.0189195371468041,0.0181513279344797,0.0165931253308179,0.0141569674132324,0.0121611400295322,0.0105484136729341,0.00947231527803698,0.00928441427649553,0.00968521235242415,0.0104779130956304,0.0109694859499971,0.0112571847965743,0.0109679789650738,0.0102613605800837,0.00930141937725748,0.00855399427488474,0.00818757676783891,0.0085260756491562,0.010184756194558,0.0129785243304977,0.0170284170460186,0.0232306903744077,0.0286155306760921,0.0331989052816318,0.0366112062122527,0.0372740438366007,0.0361696693710888,0.0334430780092214,0.030895246603141,0.0287214831492627,0.0268828164913078,0.0258389470294142,0.0248586749006662,0.0233486282044629,0.0214192266740954,0.0192066425293611,0.0161692023199588,0.0137026383831647,0.0116357491648726,0.00986211244679141,0.00894518074069025,0.00835490989195801,0.00771155770765171,0.00706373349509764,0.00615595478342426,0.00486496443643571,0.00378110687459816,0.00281795861766217,0.00200724960725925,0.00167832202395039,0.0016405467472871,0.00185210819321473,0.00208452536327495,0.00222055203667804,0.00223346470811807,0.00217709222873726,0.0020181722802745,0.00201382492819623,0.00233888652353647,0.00311631114929162,0.00469485935329416,0.00643515686109834,0.00827006057834591,0.0101263817037812,0.0109849224723236,0.0110642905729538,0.0102051622798078,0.00902912097380494,0.00779713099760851,0.00654418216284051,0.00588038517490433,0.00557578536459235,0.00558131237936521,0.0057609223640943,0.00589816770018183,0.00599652572610286,0.00576729930298749,0.00524216504820539,0.00426424741492415,0.00330082207286851,0.00234879472258703,0.00140398752518107,0.000825794326541216,0.000449885478172441,0.000193001196963976,8.64463242974639e-05,0,0
0,0,0,0,0,0,0,0,4.36275392384592e-05,0.000144550689437865,0.000357263003090813,0.000794061822721595,0.00142468556210714,0.00234771552458447,0.00382003376276624,0.00535762535208807,0.0069354876165491,0.00873941014306425,0.0100383510402126,0.0110643959343947,0.0119636202258772,0.0126903424180041,0.0132101808348182,0.0137313172013115,0.0141112741733465,0.0144678112003009,0.0148718664281749,0.0150817395789935,0.0150915130100679,0.0144701168907799,0.0132963703070263,0.0115146856057206,0.00888308383050058,0.00664472724802774,0.00462851686307707,0.00285240080105857,0.00187670201795136,0.00133494634364027,0.00116771449013758,0.00126876202710531,0.00169239381679272,0.00268664912868926,0.0040282391761549,0.0059391852476627,0.00890628321356514,0.0116658861144003,0.0142980451938395,0.0166801752368739,0.0176546439517016,0.0175066832328121,0.0161259858391326,0.0142889027873276,0.0122930819473365,0.0104220719408207,0.00946834113361111,0.00926451614407018,0.00995810820894252,0.0112676675524868,0.0130341521799994,0.0152501555230489,0.0168973715130019,0.0180017918116585,0.0183024563466235,0.0177042220446836,0.0163967789564894,0.0142951676990106,0.0125234374497823,0.0110222557529385,0.0099178427794207,0.009580459542989,0.00976122813728855,0.0102831897934656,0.010608400583278,0.0107963123956889,0.0105020260251733,0.00986884385293214,0.0090001758886221,0.00837389993797448,0.00807797883092533,0.00844904286942428,0.0100903390574145,0.0128448065051321,0.0168605599995025,0.0230655245904397,0.0285288901991997,0.0332942973697769,0.0370730092496186,0.038158025935964,0.0375395337547161,0.0353693946606492,0.0331927142850055,0.0312535950223856,0.0295007370377196,0.0283840494385072,0.0272463682536756,0.0255029772583748,0.02338867272805,0.0210330056092231,0.0178833455462587,0.0153763173319401,0.0133166162015528,0.0115980984768443,0.0107433534960688,0.0101890341169143,0.00952076820541145,0.00875525903859722,0.0076506672432061,0.00606947700442982,0.00474062654523283,0.00358067161082742,0.00265258270136051,0.00234341006764752,0.00242500579921137,0.00285649630637257,0.00326969358215685,0.00352232690252261,0.00355266751133671,0.00337671535218147,0.003010019772574,0.00269354380872214,0.00275044044030083,0.00328071118952591,0.00460680736397113,0.0061819302893386,0.00789838587184138,0.00968815448112262,0.0105621165675915,0.0107319205156996,0.0100495761714987,0.00905087836458788,0.00799567182341017,0.00691551541224221,0.00634374682042792,0.00607749692420133,0.00606578016774393,0.00619393389989215,0.00626731386332008,0.00627959493141267,0.00598739620640453,0.00541084228750823,0.00438358632650326,0.00338703146792413,0.00240686241892312,0.00143799929722915,0.000845506182736009,0.000460913003100522,0.000197869554676353,8.86741937233207e-05,0,0
0,0,0,0,0,0,0,0,4.74832151333681e-05,0.000155142272575099,0.000383556402874255,0.00085471796655327,0.00153262385640173,0.0025264548286419,0.00411600140908717,0.00579707725975356,0.00753234713261185,0.00955033438590911,0.0110577068167114,0.0123186236684725,0.013533048046077,0.0145575962834022,0.0153427535872539,0.0161020567313672,0.0165823408120752,0.0169461787391548,0.017269570229458,0.0173700764361827,0.0172568688964941,0.0164572282779527,0.0150946494940169,0.0130777017981478,0.0101160025075452,0.00760223252102122,0.00533194038562859,0.00333670637753847,0.00224315220853348,0.00162686372862456,0.00141219357304559,0.00148987244085353,0.00186406842201472,0.00279314215528747,0.00405377217995029,0.00585535229704058,0.00865794362857722,0.0112582473776171,0.0137197531239522,0.0159014260543996,0.0167386541975307,0.0164988353047404,0.0150902801894288,0.013306076600406,0.0114222820660887,0.00972143955171675,0.00891398130851686,0.00882138239605897,0.00955999533503458,0.010816339867859,0.0124819285099503,0.0145179307745542,0.0160346041152257,0.0170906382123014,0.0175058694104308,0.0171588819149866,0.0162014001355023,0.014546541033582,0.0130664372108261,0.0117090202970345,0.0105701785380766,0.010052485909164,0.00997440923253785,0.0101896404066808,0.0103397953244542,0.0104338044907835,0.0101566244779863,0.00961552009323232,0.00884575420672205,0.0083201557750936,0.008055547836735,0.00839366558607247,0.00990666957270918,0.0124993681560124,0.0163371999914948,0.0223526077256784,0.0277434078624687,0.0325743353924133,0.0366570212281125,0.0381848664586886,0.0381315951549355,0.0366540373049199,0.0349604369147352,0.0333400169276815,0.0317250089010304,0.0305422840283318,0.0292375851202257,0.0272564792297056,0.0249808755788854,0.0225333169772364,0.0193707866629333,0.0169264425147485,0.0149781619983352,0.0134248404316754,0.012700282158829,0.0122216372327953,0.0115424665490788,0.0106460827621857,0.0093188886220862,0.00740818427435455,0.00580306297547704,0.00442434386101106,0.00336902180801881,0.00308477820019864,0.00330077764835266,0.00397479498271752,0.00458290910098404,0.00495903093376951,0.00499936704264301,0.00468304040803492,0.00408090926613552,0.00341174666254254,0.00316337345830457,0.0034056264707746,0.00442455629220972,0.00578541674166031,0.00733675424143461,0.00901477175108508,0.00988649088300471,0.0101496921929332,0.00967285370747028,0.00888885831448164,0.00804878371095987,0.00718110952531008,0.00672280158951335,0.00650467529634977,0.00647462456042446,0.00654364252671053,0.00654484885855808,0.00646136722459724,0.00610484549176509,0.00548199028119397,0.00442034834216293,0.00340749664457221,0.00241691729560845,0.00144235789419853,0.000847485642964583,0.00046208836545443,0.000198414181446879,8.89298371751138e-05,0,0
0,0,0,0,0,0,0,0,5.05436931821554e-05,0.000162456500737676,0.000401300890316818,0.000896905661459016,0.0016073574881925,0.0026503993754255,0.00432415627357228,0.00611932947484367,0.0079824903682459,0.0101897079615146,0.0118984624467288,0.0134024862258982,0.0149596152995302,0.0163076043384825,0.017382463340206,0.0183936662965803,0.0189674648697362,0.0193152176631518,0.0195162130114286,0.0194724433390762,0.0192101849133837,0.0182240309607638,0.0166870657692544,0.0144672279697812,0.0112271981579942,0.00848405021299495,0.00600003338885517,0.00382428870832077,0.0026341780874888,0.00195582399951176,0.0016965008924491,0.00174831432629264,0.00206386396459586,0.00290918327645076,0.00406863861854151,0.00573906952804108,0.00835452167360085,0.010787426289052,0.0130855178172509,0.0150990004420154,0.0158403630848721,0.015556297585369,0.0141660295973119,0.0124539898369124,0.0106778957506736,0.00911034998190157,0.00840035057531679,0.00836163419792706,0.00907793808179715,0.0102292884297969,0.0117587855190299,0.0135904907112957,0.014977856842439,0.016009708433014,0.0166019956362903,0.0165782988129917,0.0160521604822523,0.0149336048778103,0.0137959691023507,0.0126030310681514,0.0114177972178762,0.0106904641953734,0.0103218374970448,0.0102078503020309,0.0101876237204733,0.0102086603141794,0.00998603797694112,0.00956406383635387,0.00890419212695829,0.0084582995211883,0.00818243414677179,0.00841886303675731,0.0096927856245336,0.0120058121005442,0.0155313026723927,0.0211765449853776,0.0263495552763755,0.0311270002571427,0.0354324031129872,0.0373936874439348,0.0379457304564702,0.0372470493924321,0.0361117829923657,0.0348671020546782,0.0334250318891538,0.0321808384370772,0.0307048355909341,0.0284945912438697,0.0260938618500066,0.0236191855597898,0.020560544687724,0.0182968438690586,0.0165782836736048,0.0153151246253345,0.0147979508084884,0.0144410648120581,0.0137684207132876,0.0127294847923172,0.0111549425309052,0.00888149644073102,0.00697612705194142,0.00536998708351103,0.00420463978618482,0.00398418452968557,0.00439276351236116,0.00539032050239849,0.00625198820377985,0.00679062608711413,0.00684275389176118,0.00634862786321464,0.00544809945547518,0.00433212189831431,0.00369921140815383,0.0035803726585323,0.0042157545549694,0.00530743774625909,0.00664802201478575,0.00817181062153664,0.00902147502067875,0.00937555710880011,0.00911876053811542,0.00857138403236545,0.00796888812088405,0.00733728675032124,0.00700490405092045,0.00684038392133432,0.00679131078584085,0.00679711561855407,0.00672236994354926,0.00653956788229196,0.00612108472217882,0.00545904987698853,0.00437860683785253,0.00336580379365586,0.00238176059602943,0.00141873631518456,0.000832753966860966,0.000453941981591929,0.000194850008358521,8.73050891994779e-05,0,0
0,0,0,0,0,0,0,0,5.26953864022231e-05,0.00016620750573306,0.000409675705539909,0.00091868931378549,0.0016462133653859,0.0027154236102064,0.00443856944436159,0.00631593754886184,0.00827844999791603,0.0106522077117266,0.0125588655608182,0.0143197882107822,0.0162550930111992,0.0179581433147337,0.0193530170294145,0.0206327501678701,0.0212886585289582,0.0215831878212163,0.021591220983936,0.0213376605036888,0.0208696112131402,0.0196629698164503,0.0179587455827088,0.0155742459741263,0.0121272690971913,0.00922042045777165,0.00658089201668027,0.00427679561187344,0.0030207773736379,0.00230003126059567,0.00200959073598541,0.00204839199336823,0.00231863063634339,0.00309455338668133,0.00416650925493887,0.00571875927733847,0.0081633376781939,0.0104428045593542,0.0125942737517161,0.0144634549069085,0.015132345602687,0.0148259593597027,0.0134738946780677,0.0118455176125273,0.0101851814324872,0.00875934280604663,0.00815503698058472,0.00817683805017292,0.00887242085304965,0.00990305018210266,0.0112681633224086,0.0128465264225651,0.0140622254401917,0.0150394572969246,0.0158010525637458,0.0161165581888695,0.0160543737542758,0.0155125017332162,0.0147382406658479,0.0137086885609871,0.0124570321549735,0.0114909816000436,0.0108045585322728,0.0103453216534093,0.0101628695023739,0.0101350487229634,0.0100066976785402,0.00973236975470361,0.00919599961799548,0.00881461444957743,0.00849028764561939,0.00856386533259536,0.00950227416588909,0.0114346835252963,0.0145340345527554,0.0196560714043791,0.024486924088381,0.0291025986495485,0.0335455353331,0.0359127666351179,0.0370831848879472,0.0372164919363634,0.0366945771572341,0.0358727744755361,0.0346387821921046,0.0333424694680678,0.031693699927598,0.0292597854238644,0.0267605406464946,0.024310868581328,0.0214570307288923,0.0194809425851001,0.0181021155148607,0.0172463092047377,0.0170072754514479,0.0168108407488238,0.0161547623282894,0.0149571650647965,0.01310903553556,0.0104431896787488,0.00822057863872251,0.00638825426912729,0.00514398325188638,0.00503788441021725,0.00570794875479407,0.00712106304349738,0.00830130822693539,0.00904634990795622,0.00911287635290503,0.00840222085909065,0.00713742172643032,0.00547772969542467,0.00438137566509671,0.00383245799160588,0.00401812349516967,0.00479722142835957,0.00589329488275439,0.00723060307687456,0.00804067685772166,0.00847832446956708,0.0084417025458791,0.00813640368445776,0.00777681740763727,0.00738715491233944,0.0071830912616721,0.00707262827895217,0.00700383322492569,0.00694591072915429,0.00679605345935692,0.00651669462246731,0.00604231688941495,0.00535005428477936,0.00426646420925164,0.00326886600926008,0.00230671509229107,0.00137044873339469,0.000803339493920443,0.000437585412497848,0.000187657673133843,8.40167789011928e-05,0,0
0,0,0,0,0,0,0,0,5.38822964376853e-05,0.000166381612670105,0.00040860830030045,0.00091973610071455,0.00164763526482936,0.00271831599415535,0.00445215971666495,0.00637263384203802,0.00839677853254383,0.010898477148831,0.0129822344807459,0.014994233984264,0.0173199605695864,0.0193923029076406,0.0211266447791402,0.0226890947741103,0.0234234748137994,0.0236415809781035,0.0234078518865668,0.0228977680923461,0.0221855938733346,0.0207463467247383,0.018900763373461,0.0164096222143666,0.0128502378220627,0.00986181554376752,0.00713765735675502,0.00476374641758004,0.00346916963164215,0.00271825911883791,0.00239477296143324,0.00241748025305046,0.00263805030589138,0.003339138613943,0.0043269501953374,0.00577581066606857,0.00809033777680468,0.0102713257464762,0.0123483283296923,0.0141670839774467,0.0148313232493413,0.0145537157927203,0.013265653840443,0.0117122088916265,0.0101333603854019,0.00877977807372522,0.00820476067170405,0.00820077236560096,0.0087735211428819,0.00960978080990203,0.0107595288821667,0.0120614473887402,0.0131139934334025,0.0140633325804986,0.0150402426585797,0.0157319978327081,0.0161655009880036,0.016220528632966,0.0158119318970448,0.0149348906689739,0.0135917614934545,0.0123665914688097,0.0113517081928773,0.0105561934413476,0.0102385741465304,0.0102036672634417,0.0102279422028328,0.0101454174339758,0.00976467786435452,0.00945991994698025,0.00907382529353724,0.00894744461751807,0.00947931459809393,0.0109478265665715,0.0135211032839302,0.0179791586912869,0.0223440382022245,0.0266784833126271,0.0311361908888654,0.0338274879857124,0.0355564637288035,0.0364752275056821,0.0365407153936283,0.0361246097598382,0.0350885614323156,0.0337428618153441,0.0319381141023683,0.0293301149337104,0.0268011456328332,0.0244674790255706,0.0219553366042239,0.0203941181128955,0.0194785804096277,0.0191589747060757,0.019276512345318,0.0192882516571827,0.018665397934703,0.0172988735824714,0.0151563601814513,0.0120745501003876,0.00952236834684797,0.00746939505099657,0.00618139463018376,0.00624291638094548,0.00724518044549072,0.00916747542793122,0.010731887922008,0.011728633624547,0.0118123626049083,0.0108477323986661,0.00915410028609526,0.00685692098655774,0.00522301752452422,0.00418258372469708,0.00386531454346218,0.00430136137108347,0.0051319965326025,0.00626208323419016,0.00701848254561597,0.00752879674598234,0.00769956371063547,0.00762628149520039,0.00749862858073264,0.00733950318761815,0.00725614331616908,0.00719497569220185,0.00710528533451534,0.00698617884416954,0.00676617647359945,0.00639877042120651,0.00587785146634498,0.00516583163354153,0.00409439599059466,0.00312556117880778,0.00219860218105485,0.00130182737782657,0.000761898489899577,0.000414504085335999,0.000177494199203545,7.93665645380641e-05,0,0
0,0,0,0,0,0,0,0,5.40984171163988e-05,0.000163201691051146,0.000398705970517337,0.000901177360936986,0.00161421567479774,0.00266357032598564,0.00437241816636395,0.00629804412508775,0.00834783283160672,0.0109380966576024,0.0131732280002652,0.0154204348837819,0.0181298785594251,0.0205655120840534,0.0226390034394839,0.0244807184322622,0.0252824042779407,0.0254014414595904,0.0248833990553758,0.0240757341196522,0.0230835750542042,0.0213962262421687,0.0194286471983643,0.0168814137490619,0.0132986504470171,0.0103106197790352,0.00757739104066981,0.00520101807146593,0.00390614831561512,0.00314856953615109,0.00280479425799006,0.00282073519674474,0.00300329307420803,0.0036448706643942,0.00456980484772748,0.00594532428604274,0.00818109900342204,0.0103161592562868,0.0123766089739561,0.0142129303257853,0.0149164590795207,0.0146927796618535,0.0134666471833285,0.0119606751044723,0.0104177247582679,0.00907036848306919,0.00846948906588593,0.00839252458860456,0.00880490781776258,0.00943014488222769,0.010358273708967,0.0113887353503282,0.012285617184296,0.0132128348936279,0.0144063220117952,0.0154661149741404,0.016383010681995,0.0170133861751329,0.0169510952479874,0.0162102011969224,0.0147673970507349,0.0132870217562069,0.011960029037347,0.0108623341024259,0.0104472109263193,0.0104474017768017,0.0106689396598848,0.0108011606887125,0.0105819639212709,0.010333207209727,0.00984904731787622,0.00947408797710221,0.00953624548228204,0.0104856819210158,0.0124766389057655,0.0161952591012567,0.0200238270397715,0.0239978084428256,0.028370014664229,0.0312987465347034,0.0335048803606249,0.0351279762986334,0.0357311464011387,0.0356891587653751,0.0348392353600527,0.0334544613261988,0.0315192084815593,0.028790771141823,0.0262938513308138,0.0241514714378028,0.0220910267720717,0.0210468084229085,0.0206955288566496,0.0210201250517744,0.021561657551075,0.0218240676060145,0.0212517961750661,0.0197102466545296,0.0172582694441281,0.0137444360805717,0.010856402986988,0.00859283624298889,0.00729877546798161,0.00758044961716194,0.00898231770225822,0.0115019085163179,0.013511586827242,0.0148034895122063,0.0149077980369397,0.0136563251590509,0.0114760231947694,0.00845810276967925,0.00622266739015449,0.00464059157926809,0.00378234410655905,0.00385826540633457,0.00441510243771125,0.00532881983540512,0.00602163363115591,0.00659159410922251,0.0069467754384056,0.00708245897143533,0.00716196818256217,0.00720702382575167,0.00722791098173978,0.00720648562719727,0.00709389027019075,0.00691839624350459,0.00663642218150134,0.00619404604679884,0.00563847630205422,0.00491825909444266,0.00387362663124706,0.00294537395869165,0.00206470413547959,0.00121756960736337,0.000711313056492268,0.000386331612639606,0.000165092804576951,7.3694815013857e-05,0,0
0,0,0,0,0,0,0,0,5.33757377047203e-05,0.000157063452299823,0.00038109986772097,0.00086528344098996,0.00155015510115062,0.0025581555328391,0.00421019706626307,0.00610451991249022,0.00814523870286491,0.0107819286496206,0.0131351769031576,0.0155885859454172,0.0186529692837328,0.021425265929294,0.0238192226931232,0.0259238499693599,0.0267822456320986,0.0267900797425986,0.0259678273066662,0.0248437035585711,0.0235572008807791,0.0216282831213543,0.019572133061523,0.0170298074266577,0.0135219553645029,0.0106213311115576,0.00795859157930576,0.0056481532153699,0.00439051977421402,0.00364746591964815,0.00329260506392068,0.00330836689429798,0.00346343590428668,0.00406523757678821,0.00495884425846074,0.00631022914465322,0.00855167168710916,0.0107278730318169,0.0128670265848133,0.0148274776155975,0.0156391899799781,0.0155124204361114,0.0143607015987768,0.0128852442669698,0.0113442664891945,0.0099519876753364,0.00927880991199478,0.00908222895536866,0.00928134928700045,0.00965327174767876,0.0103150726158554,0.0110271216281739,0.0117290645152308,0.0125916189376837,0.0139448132113388,0.0153171279272171,0.0166597047351987,0.0177991419234663,0.0180395162977618,0.0174071798632904,0.0158601402222247,0.0141416542893766,0.0125351566606045,0.0111866783263771,0.0107193457755681,0.0107998215197865,0.0112640351755003,0.0116373735485379,0.0115966675649006,0.0114072937506856,0.0108159310871284,0.0101751233637382,0.00974210069451452,0.0101467471775311,0.0115250871353392,0.0144574971157072,0.0176981583077169,0.0212429785980449,0.025431262323458,0.0285001288081879,0.031086735455629,0.0333234411569533,0.0344265497142772,0.0347657705710546,0.0341664216499935,0.0328273790746168,0.0308509408213334,0.0280920048612922,0.0256722554122392,0.0237394979481761,0.0221368260600289,0.0216155493169933,0.0218426711773862,0.0228404314067177,0.0238317874354232,0.0243660454000221,0.0238550233702236,0.0221341665574111,0.0193673327530917,0.0154163622785775,0.012193577307811,0.00973315376393095,0.00846901396555593,0.00901684240454942,0.0108750215137082,0.0140650386107492,0.0165701696393854,0.018194604532863,0.018323588929267,0.0167607484129253,0.0140489146339566,0.0102459812152072,0.00736114492061503,0.0052026419214528,0.00378246775436566,0.00349433756048241,0.00378041843839421,0.00447927490116974,0.00510295193131944,0.00571881364747764,0.00622860238261969,0.00654075835698401,0.0067925350674823,0.00700416057880451,0.00710606890646795,0.0071110383833164,0.00697258423506181,0.00674687481048917,0.00641319432319085,0.00591197576740214,0.00533523410174961,0.00461895424470384,0.00361488743553431,0.00273733238888727,0.001911932693544,0.00112219347708218,0.000654351478738072,0.000354653718903721,0.000151173193208931,6.73383784749702e-05,0,0
0,0,0,0,0,0,0,0,5.17725705996504e-05,0.000148462185764593,0.000357245111910609,0.000815046542805174,0.00146094520673265,0.002411227817328,0.0039799240670855,0.00580970608668304,0.00780960861874069,0.0104499415727346,0.0128824026681755,0.01550171563736,0.0188724328417798,0.0219367505084508,0.0246165660828731,0.0269579370194028,0.0278652000025324,0.0277625923266335,0.0266410657961684,0.0252044959084325,0.023629418492431,0.0214805973211631,0.0193738061776514,0.0168947661345414,0.0135512185564433,0.0108150087730438,0.0082929145448926,0.00610613755016773,0.00491732536857979,0.00420660686192806,0.00385030122990349,0.00387581273051351,0.0040265007984835,0.00462858069317447,0.00554814190624963,0.00695940081119792,0.00934386782384255,0.011695865007992,0.0140516289742776,0.0162723719112788,0.0172569150234262,0.0172336229481628,0.01609192190493,0.0145525061908909,0.012907239318823,0.0113581776359314,0.0105450911254546,0.0101860612340504,0.0101455178038181,0.0102511121853818,0.0106248193329576,0.0109872558505228,0.0114570415982665,0.0122024580320014,0.0136332672729955,0.0152344639311193,0.0169163163124978,0.0184684615811217,0.0189556667742008,0.0184054341439531,0.0167686231470836,0.0148549362346224,0.0130300543054745,0.0115117116420954,0.0110525138914389,0.0112639764155809,0.0120117263360316,0.0126435600954716,0.0127902833794318,0.0126588178423556,0.0119542332610188,0.0110412359446909,0.0101087011167542,0.00996641730182103,0.0107276177683824,0.0128609894780558,0.0154881950397985,0.0185546035506849,0.0224619010141184,0.0255584232653273,0.0283933463113293,0.0310850392626742,0.0325748774910752,0.0332155048490902,0.0328228337057534,0.0315357076038539,0.0295540666573843,0.0268372151606942,0.0245649995175432,0.0229124729190322,0.0218496808891664,0.0219135651135091,0.0227748435386918,0.0245034011782815,0.0259825516991781,0.0268185130727183,0.0263910511863813,0.0245024567880753,0.0214267241352444,0.0170469982165819,0.013499061946854,0.0108587698518233,0.0096550420807136,0.0105027250055458,0.0128556971526396,0.0167644611182435,0.0197976636427887,0.0217813679325965,0.0219398926825839,0.0200533467789933,0.0167845696968852,0.0121601136303618,0.008600324595958,0.00585005261015584,0.00386583831677085,0.00322224858945921,0.00325032529649805,0.00374481571668744,0.00429782848013287,0.00494619568552531,0.00557731570720012,0.0060279341922689,0.00641115892316137,0.00674497169510762,0.00690058522231304,0.00691628144785564,0.00674832578193292,0.00647921509359849,0.00610511324273873,0.00556266262050805,0.00497881474359089,0.00427862008288253,0.00332775988918711,0.00250941424003148,0.0017463427914975,0.00101969355916012,0.000593449069036566,0.00032087582301018,0.000136378156550864,6.059977311123e-05,0,0
0,0,0,0,0,0,0,0,4.93658844091888e-05,0.000137927638026879,0.00032872395716284,0.000753772048739758,0.0013526224466368,0.00223288239986795,0.00369762663968998,0.00543413944167923,0.00736570798622438,0.00996845760889248,0.0124382174826032,0.0151751911351374,0.0187886685491015,0.0220872780914172,0.0250068538070302,0.0275531294713782,0.0285062925574363,0.0283079567545556,0.0269173110657116,0.0251951160420112,0.0233568096757618,0.0210236846640612,0.0189059700586174,0.0165424404810759,0.0134390783170243,0.0109311379051796,0.00860832658935607,0.00659130405085161,0.00549588692255607,0.00482964948238144,0.00447648721881636,0.00451806738719279,0.00467799138066094,0.00530910666048466,0.00629374846327223,0.007819305059556,0.0104287833203583,0.0130303340906362,0.0156743468509948,0.0182231495159644,0.0194162442086454,0.019510991388208,0.0183754467958851,0.0167609238504009,0.0150021272831049,0.013295357936865,0.0123476658635675,0.0118313635541386,0.0115488450168427,0.0113728839344382,0.0114159068191173,0.0113637070991033,0.0115283813051582,0.0120665763203548,0.0134471808552745,0.0151579905772354,0.0170607342012643,0.0189022639364896,0.0195704328106277,0.0190785060591522,0.0173827717140746,0.0153359719097559,0.0133706542655039,0.0117733576830491,0.0113791364373438,0.0117599003822072,0.0128118183458593,0.0137053483925861,0.0140429032265529,0.0139743319272887,0.0131674023968894,0.0120009074253693,0.0105994980974128,0.00993906267050829,0.010107935876761,0.0114640678817591,0.0134782557031734,0.016038547624253,0.0195882694409106,0.0226111570209357,0.0255712941366078,0.0285746163098873,0.0303620523872723,0.031261611621858,0.0310881580673712,0.0299051628501409,0.0279857209766585,0.0253845281049874,0.0232946949094897,0.0219288437883566,0.0213885354843223,0.0220140906496814,0.0234910606305586,0.0259429218269251,0.0279163384404891,0.0290713503535659,0.028754257562988,0.0267218402857408,0.0233618236030206,0.0185815128761173,0.0147302943847984,0.0119307472723062,0.0108097470032424,0.0119738371814716,0.0148352455170595,0.0194773683100954,0.0230476115188727,0.0254023020960981,0.0255958543443362,0.023388850466562,0.0195630569979411,0.0141163907857538,0.00988414994678284,0.00654999766911529,0.00401997815588653,0.00304124451237514,0.00283191107461182,0.00313944143031382,0.00362352728293447,0.00429196450123985,0.00501055642365109,0.00555984681621469,0.00603190929711994,0.00644140780042873,0.00662225964867797,0.00663247811802456,0.00643132529163171,0.00612582440409976,0.00572275875761326,0.00515678899436774,0.00457955954760962,0.00390703951099587,0.00302061345734607,0.00226844259069731,0.00157301594947385,0.000913421152792897,0.000530626810562632,0.000286166408491937,0.000121243056686912,5.3731242913065e-05,0,0
0,0,0,0,0,0,0,0,4.62490180467448e-05,0.000125978719698793,0.000297088563289263,0.000684755055165704,0.00123117092482341,0.00203314011909186,0.00337932334579996,0.00499924840331199,0.00684060932873054,0.00936916872831624,0.0118358671132556,0.0146411122760015,0.0184299158344965,0.0219032529077645,0.025015987198127,0.0277399137526646,0.02874507475703,0.0284791954588004,0.0268691066442544,0.0249034457118252,0.0228386913541358,0.020363882595537,0.018273824928726,0.0160731571859875,0.0132818020745136,0.0110690323419287,0.00901653734241555,0.00724061914783942,0.00628812929974199,0.00569903541911732,0.00536428253408646,0.00541967759052532,0.00558221525099364,0.00623713026572249,0.00729833296570511,0.00897132484691761,0.0118749011764295,0.0147992932714913,0.0178093428325973,0.0207642132945649,0.0222077184829712,0.0224391424647905,0.0213067544350053,0.0196058573087122,0.017726848268346,0.0158700264343221,0.0148038430171291,0.0141457240669501,0.0136245035090738,0.0131470768498479,0.0128020357201352,0.0122409036759648,0.0119997887688956,0.0122132188088563,0.0133847644966248,0.0150639852026409,0.0170508293054303,0.0190429127930851,0.0198198814138451,0.0193629811916797,0.0176464230120289,0.0155377131787854,0.0135172492976832,0.0119336775538299,0.0116542915602255,0.0122287643264796,0.0135843951872269,0.0147270367616593,0.0152507554794727,0.0152517764058896,0.0143655846819659,0.0129840026571785,0.0111723327497977,0.0100469102244273,0.00967086057337906,0.0102981098098335,0.0117208129391222,0.0137670540747473,0.0169037726956367,0.0197675103690679,0.0227433419714701,0.0259311325475454,0.0279420935963272,0.0290758900431042,0.0291567968094728,0.0281471243354305,0.0263687705641938,0.0239557409072703,0.0220669998391189,0.0209634750744034,0.0208745454166229,0.0219844000108579,0.0240046826752499,0.0271166209670464,0.0295594420265915,0.0310366689150008,0.0308624788143665,0.0287284824950123,0.0251327054643682,0.0200048879717784,0.0158843620315089,0.0129456197718184,0.0119105687316664,0.0133783534752118,0.0167242443962142,0.022066633004637,0.0261505827326461,0.0288669058402757,0.029099689802657,0.0265924979253179,0.0222393413448987,0.0160117401882552,0.0111420292059233,0.00725803206605251,0.00422183880463772,0.00293913286878521,0.00251903611140734,0.0026617495372757,0.00308089948628624,0.00375807951138109,0.00453183979747612,0.00514137165484513,0.00566148056518971,0.00610232547490322,0.00628164675608909,0.00627152011383497,0.00603434463850753,0.00569953972751099,0.00527860013506899,0.00470587436566094,0.00414787689436976,0.00351351603992928,0.00270097025683858,0.00202034621041213,0.00139622982197017,0.000806147205482123,0.000467524761619364,0.000251465962645397,0.000106194986315602,4.69326742140359e-05,0,0
5.46178222586665e-07,1.23885808792326e-06,2.93935467363873e-06,5.46951560952222e-06,9.30163376600978e-06,1.56205922292085e-05,2.17930270490787e-05,2.77876050148451e-05,7.55626734211989e-05,0.00014765048306151,0.000296790122162032,0.000638864544510749,0.00112393167634593,0.00183690154479479,0.00304925851488893,0.00453141837040415,0.00626284980886132,0.00868318979445364,0.0111067304869435,0.0139276767290822,0.0178164446254283,0.0213972664976938,0.0246477832293926,0.0275150584410672,0.0285786292460588,0.028281350298212,0.0265200477420873,0.0243725437371606,0.0221360735305499,0.0195714194647243,0.0175427824663645,0.0155335078406763,0.0130868566816924,0.0111926853848955,0.00943243111051254,0.00790960256764339,0.00710553133937085,0.00659404750658333,0.00627790451120761,0.00635210342813376,0.00653584835583601,0.0072529429797121,0.0084408502609614,0.0103275139960068,0.0136223467264177,0.0169568677441011,0.0204182676259895,0.0238624476599119,0.0256044904006937,0.0259963386042866,0.0248743528581624,0.0230865270627894,0.0210924251822073,0.0191068630650118,0.0179481796527672,0.0171709114063974,0.0164176286283553,0.0156173414795537,0.0148202004764289,0.0136421236666387,0.0128783231461424,0.0126308059844495,0.0134092218150087,0.0148962520643891,0.0168140542500463,0.0188077721626094,0.0196218188544644,0.019184668279594,0.0175009016439987,0.015415561025307,0.0134366578852151,0.0119646035894558,0.0118450705404972,0.0126251102684524,0.0142632069818921,0.015625780743049,0.0163195262802047,0.0163934483995135,0.0154584644266148,0.013914788313334,0.0117733506083233,0.0102552789026319,0.00939942986119039,0.00936654961905408,0.0102364456324928,0.0117787271454116,0.0144701552781509,0.0171102526712942,0.0200136374122158,0.0232845753688442,0.025466153656876,0.0268297209591704,0.0272203742992101,0.0264643826210578,0.0249099381779496,0.0227474124414428,0.021057305401376,0.0201592950701254,0.0203977191783295,0.0218632646927282,0.0243017066983923,0.0279506680282074,0.0307966361874214,0.0325686180822193,0.0325504665383576,0.0303546073018354,0.0265796881595915,0.0211749992885134,0.0168367007686378,0.0137924569610403,0.0128512380729096,0.0146009674320545,0.0183868728287352,0.0243627590141148,0.0289117512118691,0.0319626528567631,0.0322403527404595,0.029473285456381,0.0246541712665654,0.0177319181345306,0.012294448990875,0.00792219752287859,0.00444105208391168,0.00289541298225877,0.00229567136436694,0.00229842100076709,0.00265782104328185,0.00333333331384178,0.00413286185943412,0.00476790119495987,0.00529988152724362,0.0057333942801197,0.00588855491708617,0.00584626446076047,0.005572128148289,0.00521530512497905,0.00478695657108025,0.00422259298268332,0.00369475375846864,0.00310744318744203,0.00237602532849902,0.00177057322131403,0.00121976259505788,0.000700222985109275,0.000405499961308795,0.000217535555751267,9.15712172674928e-05,4.03589891790863e-05,0,0
9.0247892440724e-07,2.04703019718952e-06,4.85684989737202e-06,9.03756751950501e-06,1.53695773453263e-05,2.58107238455179e-05,3.60097616446244e-05,4.5914917235045e-05,9.29278883526927e-05,0.000156830482385142,0.000284563762415811,0.000581428291088771,0.00100646471012304,0.00163132247338478,0.00270821534853025,0.00404282867110912,0.00565394113840906,0.00794185185893109,0.0102895574144684,0.0130806493610692,0.0170013130721494,0.0206299276944296,0.023969261734596,0.026952239189171,0.0280858893313409,0.0277984730309582,0.025961160383676,0.0236994264259549,0.0213508750955201,0.0187505390057098,0.0168139752238716,0.0150172617378179,0.0129368487222529,0.0113769625109147,0.00992727547077957,0.0086726346625306,0.00802840487140065,0.00760032675483491,0.00730424060197489,0.00739404813013072,0.00760303436000366,0.00839610579627458,0.00973373006667916,0.0118723682573159,0.0156194243835449,0.0194192547274405,0.0233860831586236,0.0273709486255807,0.0294435246070197,0.0300184042957789,0.0289301139558045,0.027079918915124,0.0250050978827308,0.0229436817478504,0.0217359950575057,0.020870003910179,0.0198902653647627,0.0187400664125145,0.0174221972923289,0.0155173073423741,0.0141196498080135,0.0132844763971649,0.0135016078453725,0.0146511545550737,0.0163597147534705,0.0182161710662262,0.0189996217934139,0.0185659686163198,0.0169616929527231,0.0149751748320583,0.0131194720215498,0.0118329254689557,0.0118949772738625,0.0128677057970026,0.0147405704263621,0.0162788123775292,0.0171206669179432,0.0172765198254413,0.0163371381513734,0.0147029884462994,0.0123355251224284,0.0105147896820912,0.00925934483229872,0.0086514442894646,0.00902093030087159,0.010085579042595,0.0123241265654986,0.0147017288310775,0.0174732602036508,0.0207620375796793,0.0230896674889603,0.0247027717437838,0.0254786728561166,0.0250640464129272,0.0238147537708672,0.0219488346680715,0.0204315438710287,0.0196509425809488,0.0200461829194015,0.0216951163289586,0.0243820922893363,0.0283958589061118,0.0315471595403765,0.0335671604769199,0.0337150457398894,0.0315088864320415,0.0276319622099656,0.0220463557801856,0.0175573868955158,0.0144455122207308,0.0135926542458967,0.0155767593552414,0.0197225616643085,0.0262175310141033,0.0311497824839733,0.0344850698201235,0.0348108588854058,0.0318412816461331,0.0266483858860895,0.0191617862075028,0.0132603334402794,0.00848828267731516,0.00464389334495612,0.0028849723451019,0.00213981287845893,0.00202844184847228,0.0023335609677123,0.00299757703867953,0.00379706285001201,0.00442807059867636,0.00494222752640278,0.00533784509328706,0.00545213264003474,0.00537021323686679,0.00506093015082642,0.00468979247280353,0.00426379866791367,0.0037208746632645,0.00323204774736444,0.00269868650279421,0.00205304759105826,0.00152443867342079,0.00104717069451502,0.000597743933241259,0.00034573150776645,0.000185014167342603,7.76438564387153e-05,3.41312202365558e-05,0,0
1.44367227522222e-06,3.2745814470584e-06,7.76937760220522e-06,1.44571638300893e-05,2.45863167496181e-05,4.12887496997955e-05,5.76038876008656e-05,7.34489097071101e-05,0.000121162285825835,0.000177639737548817,0.000284137415617856,0.000533964127905724,0.000897987924161371,0.00143415653960917,0.00237408098065459,0.0035549184168631,0.00503884474480969,0.00717656752934162,0.00942236408571889,0.0121449809355171,0.0160378999895947,0.019662035030478,0.0230460532956949,0.0261192564471472,0.0273331416461162,0.027094290606184,0.0252528326978767,0.0229417074753159,0.02053685257795,0.0179463874724055,0.0161208754370074,0.0145429314271857,0.0128318250300929,0.0116100233957777,0.010482741177753,0.00951306459705004,0.00904513318991929,0.00871251740405323,0.0084429713889668,0.00854252235553608,0.00877331646073814,0.0096404673368858,0.0111338695976233,0.0135418529647409,0.0177751464202805,0.0220752354004945,0.0265855258277584,0.0311522498145465,0.0335868961127082,0.0343747949084041,0.0333609482074527,0.0314920343773361,0.02939221657855,0.027332430852721,0.0261372197231453,0.0252260587482138,0.0240318902459653,0.022502671039037,0.0205903052853657,0.017837449247611,0.0156860589266405,0.01413284611338,0.0136227613044487,0.0142977084672041,0.0156688785325941,0.0172671904368352,0.017965260713832,0.017528362920942,0.0160525909391091,0.0142360157880518,0.0125765930569882,0.0115365774085858,0.0117898466964999,0.0129298487200894,0.014974921182782,0.0166331622159981,0.0175903634703989,0.0178286086006933,0.0169262653316872,0.0152739746520895,0.0127883168175825,0.0107597537708897,0.00919066509793723,0.00810047397893293,0.00803090355976441,0.00865815322401233,0.0104610611133225,0.0125654028538541,0.0151784602087191,0.0184599522412321,0.0209389442211077,0.0228443400046833,0.0240968343135107,0.0241141255052182,0.0232464341805131,0.0217069254215275,0.0203179425027133,0.0195439869992946,0.0198927048864066,0.0215213419780311,0.0242529423586165,0.0284172964229744,0.0317449502496912,0.0339424416780632,0.0342530173168487,0.0320902340986496,0.028200557698562,0.0225494386906084,0.0179919271484499,0.0148579940358549,0.0140829730938562,0.0162368088092335,0.0206358577947481,0.0274974609493658,0.0327037501082809,0.0362530405847513,0.0366273512449597,0.0335271192832209,0.0280791209195654,0.0201970041303648,0.0139653816023204,0.0089056611086936,0.00479745744629527,0.00288181950016286,0.00202735791211413,0.00182735781968405,0.00208332332661599,0.00272632418502588,0.00350378874684362,0.00410717142104117,0.00458123323420549,0.00491780665045022,0.00498137942310455,0.00485742462205228,0.00451804076835138,0.00414084824072586,0.00372624478369949,0.0032156002459643,0.0027723506271514,0.00229756837126988,0.00173947336843452,0.00128725125200261,0.000881921620270229,0.000500644539029169,0.000289287883227917,0.00015445957890433,6.46395490585307e-05,2.83461357107989e-05,0,0
2.23577977200577e-06,5.07126380881122e-06,1.20322441472469e-05,2.23894543149772e-05,3.80762245007868e-05,6.39428719208471e-05,8.92097250167705e-05,0.00011374852133512,0.000164429051983976,0.000214638113338433,0.000300394996111372,0.000501963428719886,0.000804743724907298,0.00125316252091956,0.00205763876752493,0.00308380441090548,0.00443796823858467,0.00641496794768499,0.00854011545825037,0.0111637939923354,0.0149791974362778,0.0185545943264571,0.0219437551254124,0.0250814874264722,0.0263814172209422,0.0262232139383805,0.0244418444336757,0.0221419737359095,0.0197343967954043,0.0171971218206648,0.0154980000642709,0.0141386913686434,0.0127892187600075,0.0118997895333128,0.0110980869581693,0.0104249369545719,0.0101474007481192,0.00992153797994675,0.00968430679975897,0.00978308043219793,0.0100247446415245,0.0109482610918018,0.012586622692259,0.0152609763938959,0.0199879705022743,0.0248050755042329,0.0298861851122036,0.0350794726908473,0.0379238867168403,0.0389788754773378,0.0381094648504255,0.036279716112708,0.0342093510132423,0.032209972896631,0.0310638414647252,0.0301295659312544,0.0287255298675501,0.0268047023721378,0.0242653464454099,0.0206111621902712,0.0176484378765996,0.0153015646575751,0.0139457144303401,0.0140279374254561,0.0149342712004952,0.0161381694945681,0.0166727647668673,0.0161975133267419,0.0148579186793389,0.0132452934550449,0.0118193837059981,0.0110484046107736,0.0114778943722519,0.0127459327228851,0.0148973381318966,0.0166271051301868,0.0176797290264617,0.0180197473419899,0.0172105154989094,0.0156231325048338,0.0131346780825698,0.0109963677287619,0.00920284846370399,0.00772689411347323,0.0072846864134704,0.0075227675134094,0.00892155694865554,0.010757817817329,0.0132039457156592,0.0164755511386955,0.019126017734473,0.0213748180904825,0.0231958690873255,0.0237289634596309,0.0233086181566595,0.0221098207842406,0.0207924057542827,0.0199033692805301,0.0199879334635867,0.021378154445359,0.0239318456514128,0.0280054515407831,0.0313568369997589,0.0336403406169207,0.0340945774389675,0.0320260618061112,0.0282189774893033,0.0226307177983735,0.0180980922290387,0.0149942675942449,0.0142840668034229,0.016531048040421,0.0210573811833049,0.0281046263992391,0.0334545939960116,0.0371310174052225,0.0375505746693735,0.0344011393752119,0.0288358556413307,0.0207556913625002,0.0143503756540019,0.00913302050317324,0.00487356729550595,0.00286242044924456,0.00193547496278537,0.00167101713326322,0.00188233604551897,0.00249505371824861,0.00323237420879131,0.00379134165405333,0.0042114210422145,0.00447933975795393,0.00449208136180562,0.00433276926116033,0.00397776903426119,0.00360899418187535,0.00321912999661232,0.00275306869642551,0.00235987953973911,0.00194345701208325,0.00146604564514774,0.00108187618367849,0.000739580943698498,0.000417675741456459,0.000241096400553534,0.000128413305568451,5.35768244662395e-05,2.34338465329574e-05,0,0
3.35211020174461e-06,7.60335850699805e-06,1.80399737312607e-05,3.35685648293522e-05,5.70877785867524e-05,9.91806530947834e-05,0.000140996799970372,0.00018503018253877,0.000256886669749345,0.000321285574121304,0.000411173902164289,0.000595889068596231,0.000861665773086975,0.00124022659709187,0.00191616412922653,0.00277977851927242,0.00398342721337396,0.00576351106546109,0.0077301426786549,0.0102107912121754,0.0138902959064015,0.017370495152269,0.0207231233607759,0.0238935627911985,0.0252756935221051,0.0252193621122316,0.0235490741369679,0.021312444290012,0.018949816460888,0.0165041758263165,0.014942828433244,0.0137972309248465,0.0127946908402866,0.0122265763545675,0.0117492854875351,0.0113839559474099,0.0113117371927446,0.0112067943529791,0.0110106147600156,0.011097152716888,0.0113341583857286,0.0122852725857174,0.0140404229555945,0.0169527517794136,0.0221386091127647,0.0274433649778904,0.0330680001575507,0.0388633545812234,0.0421113535166043,0.0434476606252356,0.0427701481723697,0.0410421294507213,0.0390790107795762,0.0372359072736852,0.0362075462276208,0.035294467432367,0.03368960298948,0.0313479118239634,0.0281203555524962,0.0234653259342879,0.0196017651102991,0.0163759677405429,0.0140814725429457,0.0135117851383563,0.0139087786107403,0.0146939613894661,0.0150773477722236,0.0146013382378189,0.0134699708590042,0.0121364873308669,0.0110185327804626,0.0105837645918659,0.0112118015612599,0.012592903209548,0.0147907236097693,0.0165231952771167,0.0176073089530753,0.0179989381343447,0.0172770008808373,0.0157820551156049,0.0133553096923906,0.0111770997814728,0.00923182637829086,0.00745754755011315,0.0067069203530219,0.00661227756912683,0.00765570402428914,0.00924979123161307,0.0115445753659352,0.0148288919808735,0.0176838891487116,0.0203293745179881,0.02280099081681,0.0239190367670455,0.0239974658836683,0.0231422828520345,0.0218396496464649,0.0207212828007205,0.0203376605435779,0.021281648179843,0.0234392835924605,0.0271764605086145,0.0303884241173242,0.0326528095905774,0.0332170913229036,0.0312865706323231,0.027656363669699,0.0222632962731653,0.0178542590822016,0.0148364923896582,0.0141776035019754,0.0164353223912302,0.0209529499294093,0.0279890993401564,0.0333400178520329,0.0370458678936228,0.037503110455785,0.0343893700779094,0.0288539725063007,0.0207884037249437,0.0143783204061706,0.00914324628452995,0.00485198066564558,0.00280831753298209,0.00184516349997182,0.0015384431862106,0.00170903992854048,0.00228267506385872,0.00296554751287213,0.00346793444689629,0.00382573833337178,0.00402082187911551,0.00398410006333612,0.00379366750523892,0.003429444749659,0.00307398649193423,0.00271249844724088,0.0022945061585892,0.00195306569946277,0.00159658225938156,0.00119973964778652,0.000882911137048845,0.000602335560106249,0.000338499840312939,0.000195257297818855,0.000103794104343519,4.3199336443451e-05,1.88549856338423e-05,0,0
4.86560010000712e-06,1.10363024141586e-05,2.61850872161855e-05,4.87248934434749e-05,8.28631174047688e-05,0.000144685482097418,0.000206242382948466,0.000271741547779346,0.000363823341911112,0.000438039866125945,0.000524805316817328,0.00068139085086102,0.000902331301960163,0.0012080678670434,0.00175961998586929,0.00247164900072119,0.00353479621022149,0.00512885885862263,0.00693839305466103,0.00926611175573534,0.0127820545195582,0.0161371239175993,0.0194191757554729,0.0225887358684064,0.0240446147406458,0.024102623966392,0.0225888480088702,0.0204720250697264,0.0182175794606598,0.0159343476890824,0.014555865787123,0.0136520316035403,0.0130092805998757,0.0127582126579548,0.0125935220420994,0.012518323789736,0.0126329352039534,0.0126293759234144,0.0124479272280065,0.012485839905785,0.01268455515859,0.0136140925944874,0.0154447091731846,0.0185560983505855,0.0241656423630122,0.0299402371349718,0.0361039143535981,0.0425167923935576,0.0461959847188708,0.0478543035614371,0.047425041188857,0.045844342338412,0.0440280312566913,0.0423799628943932,0.0414903060019948,0.0406120301324895,0.038817591589471,0.0360682022589968,0.0321734613134161,0.0265470033457185,0.0218077101409954,0.0177162676903688,0.0144655463567671,0.0132017830133374,0.0130229723769265,0.0133036227130835,0.0134718108539724,0.0129522333511654,0.0119972059691841,0.0109271291787585,0.0100991811675474,0.0099619944145826,0.0107349334108347,0.0121657984204954,0.014331806907551,0.0160173339976538,0.0171108024136316,0.0175703709969069,0.0169827928945337,0.0156493746735543,0.0133804445542017,0.0112455975172153,0.00922850329092098,0.00724589449780453,0.00625502066829784,0.00588552575522996,0.00663081787710103,0.00801985891152818,0.0101937245268796,0.0135310005824235,0.016634413465915,0.0197340887015594,0.0229353140855381,0.0246999403590402,0.0253198903590363,0.0248039896308736,0.0234596371097413,0.0220045925320479,0.0209634571662533,0.0212678136783177,0.0228229569190649,0.0259852217607984,0.0288932772655037,0.0310263504570289,0.0316531907458672,0.0298940944758407,0.0265266519393488,0.0214546466572498,0.0172655203770621,0.0143892972959442,0.0137688735183053,0.0159554760227724,0.0203286952420455,0.0271559957318043,0.0323631398238684,0.0359969554567472,0.0364800548420943,0.0334827543306306,0.0281214541983561,0.0202797032498051,0.0140297798749614,0.0089105598165625,0.00469532382058439,0.00266985700094484,0.00169444411881488,0.00135612178069881,0.00148694284546799,0.00201626958485612,0.002643312890087,0.00309375889794678,0.00339907275303443,0.00353843423115778,0.00346953699052068,0.0032661801547177,0.00291350436883712,0.00258617130518267,0.00226450283571722,0.00190170851172771,0.00161199843955363,0.00131097951150923,0.000983187649937435,0.000722208051944158,0.000491979416495404,0.000275342799803216,0.000158674130121806,8.41534672709649e-05,3.49257368706526e-05,1.52069497971632e-05,0,0
6.83728045650578e-06,1.55085278809296e-05,3.67960336639385e-05,6.84696141974164e-05,0.000116441623140369,0.000204487573430783,0.000292380739610919,0.000386984328310682,0.000509464511951564,0.000602447116635735,0.000695516415917124,0.000835034322992116,0.00101977105810723,0.00126084886212016,0.00169513263973246,0.0022609149504018,0.00317986326779241,0.00457954829967715,0.00621873183406581,0.00837254986098397,0.0116886131865617,0.0148834434580501,0.0180546871229755,0.0211782261973463,0.0226814513368899,0.022846380907088,0.0215052283087082,0.0195361995669404,0.0174193981148573,0.0153214280636495,0.0141272173600794,0.0134523524215134,0.0131480093235553,0.0132028077554896,0.0133540315760786,0.0135960758058168,0.0139266305711915,0.0140530402582093,0.0139072650665264,0.0138855539767035,0.0140215724061549,0.0148741145918222,0.0167207912437131,0.0199657898730588,0.0259169228901918,0.0321004560528311,0.0387584465230175,0.0457702530700943,0.0498971537685777,0.051926754686985,0.0518303481759984,0.05047058926189,0.0488615858472618,0.0474512383885429,0.0467080598629013,0.0458548564919269,0.0438504643822733,0.0406849843244273,0.0361341970346609,0.0295650250867096,0.0239855123751936,0.0190632898112116,0.0148839096311726,0.0129358219544147,0.012174032181672,0.0119365798723986,0.01187781272075,0.0113087771512388,0.010522602758715,0.00971102116134046,0.00916534408274079,0.00930601988886474,0.0101946988263241,0.0116361334453235,0.0137134378735266,0.0153051574015978,0.0163698159142453,0.0168718435004899,0.0164192614947134,0.0152651454217884,0.0131893039632036,0.0111330720097453,0.00908061542634487,0.00693309765495957,0.00573877250763672,0.00513710466823483,0.0056430269894295,0.0068826669508278,0.0089934209563868,0.0124539213643295,0.0158615418084014,0.0194673459678795,0.0234524884615998,0.0258990292995019,0.0270829926594267,0.0268987441703665,0.0254762593269392,0.0236143249574482,0.0217885501328316,0.0213163838467374,0.0221159591477068,0.024520335909484,0.0269972693664133,0.028916319212003,0.0295829659418296,0.0280402215780118,0.0250231881571609,0.0203871419000902,0.0164953032448887,0.0137922936948044,0.0131694918864344,0.0151853369883845,0.0192682992135214,0.0256852235695926,0.0306035073599744,0.034062491552507,0.0345529478028837,0.0317438322649585,0.0266909595768622,0.0192730836935608,0.0133469532942915,0.00848380744240485,0.00447088699925032,0.00253560927941639,0.00159414474739509,0.00125452105780892,0.00135298953098302,0.00182781269389244,0.00237908283072491,0.00276085196544046,0.00300147265018194,0.00307953264299212,0.00298119678283584,0.00277208443519087,0.00244168140641872,0.00215061239652462,0.00187389900210476,0.00156933253934874,0.00132931357837801,0.0010786129004983,0.000809142759029392,0.000593930262307318,0.000404282592992842,0.00022558984719142,0.000129838093160786,6.8681073799566e-05,2.84137174367543e-05,1.2338157415505e-05,0,0
9.30163376600978e-06,2.10982491527166e-05,5.0058386716908e-05,9.31480402794287e-05,0.000158410546482828,0.000280024608576906,0.000401775623442327,0.000534488318767417,0.000700032806255373,0.000823453324738428,0.000935502774686675,0.00107349723949554,0.00123373736374475,0.00142040076049646,0.00174522971715533,0.00216972344956916,0.00293810670709607,0.00413254021338036,0.00558696654892276,0.00754660112660767,0.0106295998663197,0.0136327349410939,0.0166562778414055,0.0196900439990122,0.0212140221564095,0.0214757552455946,0.0203199282142856,0.0185265764324173,0.0165820828048004,0.0147063647751126,0.0137144522849302,0.0132726243536618,0.0132976248317061,0.0136461971141351,0.014103378007691,0.0146631211667676,0.0152116361648086,0.015473072671284,0.0153635076697992,0.0152618713112377,0.0153042368275422,0.0160181416261633,0.0178155094422265,0.0211174209246851,0.0273141480312395,0.0338322549649123,0.040922922070546,0.0484936421895106,0.0530621427632737,0.055485578074472,0.0557675695450407,0.0546645226889947,0.0532846790334023,0.0521157313249733,0.0515085228065757,0.0506724898612959,0.0484696643998365,0.0449288038416951,0.0397980711180623,0.032397503053699,0.026076496071494,0.0204124219332612,0.0153801978240119,0.0127858793713246,0.0114540384162479,0.0106977436288384,0.0104021445621897,0.0097729354698367,0.00913450113328081,0.00856280992122477,0.00828128260840612,0.00867682407024722,0.00965931955474543,0.0110865297143969,0.0130383780085572,0.0145016573802702,0.0155008544243696,0.0160165935296763,0.015688615501311,0.014723575602629,0.0128843018207203,0.0109712329675654,0.00897072143988091,0.00677785875663664,0.00547577287118552,0.00472357502995317,0.00505096306011091,0.00615902067108926,0.00819798044431323,0.0117491962109735,0.0154260750670842,0.0195034449219103,0.024238694155143,0.0273472485540294,0.0290829057851236,0.0292130315533079,0.0276923578286353,0.0253932152895409,0.0227175123828413,0.0213878396361118,0.0213278488612701,0.022831247433631,0.0247606014046419,0.0263718140485993,0.0270164595491771,0.0256920890018649,0.0230708087116109,0.0189522570312816,0.0154286404104165,0.0129451355845291,0.0123191290839371,0.0141089740446767,0.0178030926834549,0.0236595265232749,0.028175116292346,0.0313750934652659,0.0318564299823909,0.0292935539020954,0.024658979030004,0.0178295068153314,0.0123601545112519,0.00786348649988727,0.00414536208070245,0.0023464322684669,0.00146346694769164,0.00113505665812937,0.00120454882092244,0.00162105699649901,0.00209518751262553,0.00241234604813969,0.00259705089814589,0.00262951024897874,0.00251709045360621,0.00231735003558859,0.00202469683263805,0.00177937765648291,0.00155341088513565,0.00130860866357349,0.00111475869713084,0.000907426758715845,0.000683406650274969,0.000502179076359747,0.000341928077784447,0.000190587867130457,0.000109492310160102,5.77354536012125e-05,2.37936875452462e-05,1.02984688690601e-05,0,0
1.22507855136096e-05,2.77876050148451e-05,6.59297682808292e-05,0.000122681315044494,0.000208635781291066,0.000371587769897919,0.000535242713190397,0.000716112317938451,0.000939724758511764,0.00110818598623551,0.00125563820393285,0.00141443908568218,0.00156720428390582,0.00171509021910395,0.0019446861177763,0.00223842135634557,0.00285493104371955,0.00383890238827276,0.00509755317737424,0.00684365237268959,0.0096565150096667,0.0124282142519221,0.0152548896414245,0.0181364150460407,0.0196376621147633,0.0199701758048879,0.0189972600549522,0.0174007158195413,0.0156624284845704,0.0140517108761891,0.0132900253939825,0.0130964918606613,0.0134525160115817,0.0140877475485488,0.0148405818616127,0.0157128936861435,0.0164734056280524,0.0168667629092333,0.0167851211221297,0.0165787133115147,0.0164903313031914,0.0169946528573781,0.0186659453677411,0.0219324225840998,0.0282559578854527,0.0350155074386983,0.0424631271025441,0.0505473904956282,0.0555563176000347,0.0584079432889562,0.0591276412935994,0.0583206136631639,0.0571823152618567,0.0562315491675987,0.055719932238772,0.0548660045782727,0.0524586939673297,0.0485863001296416,0.0429736310086848,0.0348958161674236,0.0279746826266223,0.0217006281216689,0.0159394451427382,0.0127697677944492,0.0109060369733564,0.00965040665975833,0.0091155417238024,0.00841584184585403,0.00789771563972589,0.00754066560807499,0.00750182663158145,0.00813253385850999,0.0091979741089424,0.0106021820512118,0.0124110383433612,0.0137208009060693,0.0146162036143902,0.0150940642220407,0.014848707914833,0.0140414931920937,0.0124237910996514,0.0106651570888733,0.00874986574720071,0.00656982138637131,0.00521425266182501,0.00436938730746015,0.00457677898378975,0.00559008516975369,0.00757828895498404,0.0112199254594829,0.0151437139102599,0.0196520356664264,0.0250776265531447,0.0288010922277552,0.0310554453065529,0.0314812960353069,0.0298661712022207,0.0271420900016595,0.0236243524775164,0.0214263249602399,0.0204735354824169,0.0210117038384503,0.0223324576335346,0.0235849415961398,0.0241756926708285,0.0230791066550964,0.0208892558494041,0.0173437948943709,0.0142313120397962,0.0119877969727824,0.0113389196568215,0.0128463726920979,0.0160652845164655,0.0212369128372426,0.0252565699005096,0.0281274377980031,0.0285806641133593,0.0263029475118686,0.0221670910967952,0.0160492436603655,0.0111376893039237,0.00709218903653598,0.00374044142748065,0.00211391170218998,0.0013090668189538,0.00100206803294614,0.00104656468050617,0.00140319136019372,0.00180157145280341,0.00206025341383107,0.00219859169616203,0.00220089629035908,0.00208819790934792,0.00191026953086672,0.00166642175682929,0.0014720601981361,0.00129831501542833,0.00111036779200033,0.000956708366889614,0.000784671875160447,0.000594008413232776,0.000436805489717081,0.000297133996395461,0.00016526263086762,9.44931015468678e-05,4.95247343623969e-05,2.02571618087011e-05,8.71131646951456e-06,0,0
1.56205922292085e-05,3.54311032938258e-05,8.40649789302858e-05,0.000156427095578826,0.000266024938592679,0.000477877859615888,0.000691393859389553,0.00093093506067923,0.00122916678048966,0.00145937711603163,0.00166150882640109,0.00186464622925313,0.0020260024228344,0.00214538133126412,0.00228074728691032,0.00243804035666331,0.00288304574355591,0.00363149330373174,0.00467317356402484,0.00618501023491082,0.00870085901854682,0.0112167851875449,0.0138154214982757,0.0165013559115811,0.0179469789874046,0.0183290127045953,0.0175360121292766,0.0161550229560285,0.014654877965549,0.0133533646118944,0.0128529783300342,0.0129275075214536,0.0136199805317855,0.0145338695212998,0.0155658234594742,0.0167325642647137,0.0176860324334436,0.0181967023507051,0.0181281284450651,0.0177942842289643,0.0175435286532228,0.0177809201342587,0.0192630112083628,0.0224148280285191,0.0287581128688756,0.0356691774393103,0.0433932288961712,0.0519301832106131,0.0573582420467593,0.060648146811859,0.0618322201893155,0.0613317071667522,0.0604176571438828,0.0596276795377703,0.0591479814611008,0.0582278205554244,0.0556114776075322,0.0514703197374299,0.0455052790916313,0.0369516892278239,0.0296115311719828,0.0228949812828578,0.0165633484475898,0.0129095056977421,0.0105662624200953,0.00883999945325469,0.008065604391857,0.00728360003443985,0.00685440743798106,0.00668440908357677,0.00686776169322116,0.00772273878596995,0.00887425082584924,0.0102647773271525,0.0119352437321111,0.013080118599845,0.0138385793905545,0.0142210270254795,0.0140014198069001,0.0132988833708464,0.0118589721359311,0.0102422435660316,0.00842313802612199,0.00628849402880342,0.00491263531616878,0.00401359706761795,0.00413669221101578,0.00507457007577384,0.00701661280081169,0.0107241940648465,0.0148449361818009,0.0197068658178959,0.0257110678094821,0.0299608483584393,0.0326706649323309,0.0333673182130612,0.0316858131095996,0.0286000665776035,0.0243350622494062,0.021341025402429,0.0195447934978927,0.0191412067469863,0.0198485364305304,0.0207282018343308,0.0212490694949814,0.0203830688767396,0.018638321026884,0.0156878521966951,0.0130029567243868,0.011002633048608,0.0103090601817222,0.0114928305890146,0.0141781452395343,0.0185830204308999,0.0220445322977934,0.0245375659837758,0.0249448921696615,0.0229718971069933,0.0193820298306261,0.0140511919259742,0.00976074034806414,0.00622003011909731,0.00327983318552818,0.00184771755292669,0.00113206691322291,0.000850461510864279,0.000871596295852478,0.00116717880320464,0.00149307832830546,0.00170189170889692,0.00180710987642605,0.00179896568840692,0.00170376601969939,0.00156485645991105,0.00138814815982165,0.00125720996817388,0.00114464574604128,0.00101792005092151,0.000901477195769117,0.000755548613298014,0.000580298713822178,0.000429593701636786,0.000293402736534324,0.000164086607071053,9.36395678450561e-05,4.89267940555951e-05,1.99389905474591e-05,8.54823737683452e-06,0,0
1.928234785529e-05,4.37368089879954e-05,0.000103771364260465,0.000193096498947303,0.000328386102707074,0.000595693946057962,0.000866143902097557,0.00117450879816145,0.00156555044489658,0.00187831720029671,0.00216028472838934,0.00244308502090654,0.00264108285198884,0.00275551458769261,0.00281346346379105,0.002838921402074,0.00309940936192576,0.00358710258128531,0.00438382508905102,0.00562946139172673,0.00780575223020467,0.0100296785015275,0.0123609525136541,0.0148034138909449,0.0161596979417225,0.0165697413875035,0.0159521726058946,0.0148030446929746,0.0135719480531012,0.0126241755088728,0.0124192440232007,0.0127858150867561,0.0138231818497678,0.0150063920152904,0.0162945468173564,0.0177239326052654,0.0188380134503217,0.0194393107531878,0.019357889806021,0.0188719709121219,0.0184253840576463,0.0183385953154236,0.0195656792445127,0.022515902292542,0.0287566330708054,0.0357130194653713,0.0436164963830659,0.0525295620044244,0.0583471700418053,0.0620807549420258,0.0637517009924126,0.0635628212414867,0.0628467814011038,0.0621463698788863,0.0616246968946526,0.0605858247487244,0.0577642109678016,0.0534345573952168,0.0472720284536918,0.0384802571039594,0.0309305973478001,0.0239630329758076,0.0172421556430545,0.0132069643563465,0.010444600773557,0.00828000204984843,0.00726540512974759,0.00638591863938109,0.00600959181492596,0.00599705917291321,0.00638438249371586,0.00746319853596782,0.00871984400182656,0.010125629508519,0.0116847630250075,0.0126654260375487,0.0132560368747289,0.0134746712809896,0.0132061855683408,0.0125359177882736,0.0112095043603704,0.00971131424325037,0.00799609584535179,0.00594372247137573,0.00458753074578974,0.00368010042932925,0.00375740007788587,0.00463687627995335,0.0065267302565216,0.0102533534790718,0.014495795613268,0.019603786867798,0.0260367375206131,0.0306944012804366,0.0337723674695645,0.034701432733167,0.0329847778652662,0.0296183634938318,0.0247429665295624,0.0210738735697633,0.0185399489103373,0.017288690946858,0.0174306108690982,0.0179642124780785,0.0184235543054547,0.0177901606495572,0.0164845167486577,0.0141185542901728,0.0118493812856587,0.0100757414832633,0.00931110539810555,0.0101439717526613,0.0122652680828636,0.0158646268030815,0.0187380424630105,0.0208276721239068,0.0211742109023322,0.019506939356657,0.0164771117494122,0.0119609424702016,0.00831728383338994,0.00530515725575946,0.0027993906614661,0.0015758926639843,0.000960577528375698,0.000714117468185557,0.000720258458852627,0.000960169381566277,0.00121926358738998,0.00138323147677919,0.00145947589186256,0.00144563246292619,0.00137189500040818,0.00127613109147367,0.00117177923364506,0.00110847255990382,0.00106027516104849,0.00099547988830713,0.000912812057759341,0.000786023050978287,0.000613757165776337,0.000457901750857614,0.000314180311473241,0.00017684470444183,0.000100811418360779,5.25253745832518e-05,2.13326067395747e-05,9.11960518533303e-06,0,0
2.30436457386636e-05,5.22682994634632e-05,0.00012401345384815,0.000230762734315943,0.000392442511309959,0.000719858675821602,0.00105252770524187,0.00143846849704702,0.00193962250169107,0.00235578571610595,0.00274482076043224,0.00314520204583103,0.00340967715867935,0.00354416479037792,0.00354263628693365,0.00344240781064126,0.00351065433166096,0.00372270674883723,0.00425848438509811,0.00521956353028126,0.00702913185739788,0.00893174311363628,0.0109592115819239,0.0131049796852171,0.0143252184976975,0.0147205500635377,0.0142397267624054,0.0133080317161513,0.0123493509190449,0.0117785134275861,0.011900046931379,0.0125908868783336,0.0139989875182801,0.0154553469549788,0.0169823673412026,0.0186363024962674,0.0198666115000008,0.0205185429039979,0.0203887738934583,0.019730003829275,0.019064642552882,0.0186182095164359,0.0195440724863677,0.0222227447557675,0.0282508120820402,0.035148389943881,0.0431300026297895,0.0523316302990183,0.0585006023612422,0.0626738770205377,0.0648464845859683,0.0649715503275091,0.0644276356033031,0.0637501224077203,0.063120072713996,0.0619203064110757,0.058911321995942,0.0544837968659204,0.0482843416912426,0.0394939716511822,0.0319411622491996,0.0249086739059875,0.0179743575810733,0.0136587204148488,0.0105462148163924,0.00799152357641689,0.00676196843925315,0.00580982656429527,0.00552262364020715,0.00571450779989942,0.00636991266397824,0.00775993982958237,0.00918794812939844,0.0106502433294484,0.0120921643267799,0.0128506309650778,0.0131693736213066,0.0130669035260254,0.012611044755028,0.0118494859086714,0.0105286677992872,0.00910118199595031,0.00747670631515354,0.00552626897163398,0.00421786747492832,0.00333660498053983,0.00339256934936384,0.00421801034374976,0.0060372241916148,0.00971394263577481,0.0139781307765173,0.0191948504100556,0.0258708788098091,0.030796384386377,0.0341484399893508,0.0352902460958729,0.0336051100324371,0.0300870005944406,0.0248003954011218,0.0206258776944177,0.0175031664779602,0.0155409978517092,0.0151934589359376,0.0154268753064547,0.0158423720963506,0.0154394661494426,0.0145514159598029,0.0127337433796722,0.0108490329417177,0.00927296327233262,0.00841144318708365,0.00888163283185626,0.0104357428991128,0.0132319415580796,0.015518318747391,0.0172014418775034,0.0174764532895133,0.0160999161107282,0.0136141980846864,0.00989531057230519,0.00688769111064817,0.00439717590992824,0.0023216178379551,0.00130566763472636,0.00079147196424878,0.000582232203524547,0.00057800926229789,0.000767987831538898,0.000970014785030638,0.00110056597887415,0.00116044244275933,0.00115658592201708,0.00111614317835517,0.00107284864076215,0.00104765468847222,0.00105371778743087,0.00106810537769558,0.00105859926030082,0.00100065231680571,0.000881294258053001,0.000696154933334957,0.000522046564208409,0.000359210519064806,0.000203151072499915,0.000115566272356752,6.00863316790941e-05,2.43411197896018e-05,1.03833544840231e-05,0,0
2.66606863370578e-05,6.0472581169251e-05,0.000143479197350847,0.000266984354283688,0.000454042160603397,0.000843456866702659,0.00124094311234004,0.0017106618180529,0.00233710468700826,0.00287709187544089,0.00340056261889096,0.00395791807528298,0.00431973860208049,0.00449857494696528,0.00445204568676429,0.00422642754738264,0.00408891609357155,0.0040030269101839,0.00425765861067389,0.0049154836282167,0.00633688571018025,0.0079047887850453,0.00961269973078927,0.011443877730218,0.0125198042088734,0.0129036842698388,0.0125832935614796,0.0119072571140321,0.011270034418784,0.0111325211275826,0.0116141596452678,0.0126395951017638,0.0143914666753383,0.0160676603605551,0.0177564848369089,0.0195306675239428,0.0207891460255297,0.0214199058000389,0.0211849468538403,0.0203304461491475,0.0194276295927277,0.018604619546924,0.0192001133021597,0.0215526195098754,0.0272695412465744,0.034005955017624,0.0419589075153895,0.0513459279123375,0.0578117054828604,0.0624023846601878,0.0650728115564584,0.0655039075879956,0.0651015373121015,0.0643806453223618,0.0635801163049385,0.0621831622374566,0.0590121770940813,0.0545821502563459,0.048507536173695,0.0399582624705911,0.0326069052938497,0.0256934224700288,0.0187210417252097,0.0142253144681244,0.0108233189319595,0.00791207951787768,0.00646774824387053,0.0054244620827185,0.00518497533061168,0.00554483063369757,0.00644225438303821,0.00813757858171025,0.00975895229994426,0.0113183167626895,0.0126956403452847,0.0132593519272248,0.0133022646745606,0.0128344696588404,0.0121268950667685,0.0112019527934207,0.00981311520098656,0.00841869986759196,0.00687401810828697,0.0050363566220185,0.00379245282714069,0.00296166455310335,0.00301060344162199,0.00378204842702431,0.00551039569109618,0.00906912497624472,0.0132548784055478,0.0184378241044971,0.025153837123447,0.0301822019007805,0.0336825745882365,0.0349809121999029,0.0333729791346946,0.0298273160794979,0.0243482589882455,0.0198736205006754,0.0163585025662098,0.013884749233762,0.0131714251627226,0.0131881005872942,0.0136035785272468,0.0134344243307919,0.0129340123457552,0.0116111028702239,0.010063109423022,0.00864475358882666,0.00766089707491762,0.00776955796476046,0.00877613261249265,0.010806127376349,0.0125329579612687,0.0138261188581135,0.0140236378183103,0.0129106465745095,0.0109288954060419,0.00795326410663685,0.00554111132702151,0.0035404262760244,0.00187013650371892,0.00105033371468796,0.000632651276050807,0.000459486694120764,0.000447788207538542,0.000592537975870703,0.000743531428368675,0.000846428192007168,0.000894987690339276,0.000906664725723695,0.00090382061958473,0.000917220353489968,0.000976256654412519,0.00105557758223486,0.0011353178141629,0.00118147229172969,0.00114512813583589,0.00102671142521273,0.000818033904506667,0.000615792990761936,0.000424686919066731,0.000240992464988088,0.000136912509898116,7.10898544216242e-05,2.8751865131013e-05,1.22480154781134e-05,0,0
3.04648340745882e-05,6.91260963904825e-05,0.000164082919944762,0.000305437570193822,0.000519634427729903,0.00097740675710703,0.00144685162497595,0.00201092337582795,0.00278123450760272,0.00346558352114703,0.00414791944592601,0.0048947063212488,0.00537767247749092,0.00561836818397793,0.0055355766589554,0.00518245280238664,0.0048274761100167,0.00442579971474148,0.00438537132614173,0.00472864309741901,0.00575245977739401,0.00697994687105891,0.00836160280324409,0.00986674456783224,0.0107870590076055,0.0111478821109982,0.0109768399690081,0.0105553217923997,0.0102479093914387,0.0105616732523015,0.0114227694803286,0.0127966042110815,0.0148870990195138,0.0167534776872276,0.0185479736345369,0.0203519747611343,0.0215549989629096,0.0220930653569018,0.0216988799791104,0.0206362992765038,0.0194940147652177,0.018304803226064,0.0185646962770487,0.0205580219845662,0.02588230790253,0.0323599516814199,0.0401736536050638,0.0496272908325268,0.0563189750666106,0.061285934878679,0.0644334897800882,0.0651576502030691,0.0648709519676759,0.0640559409699905,0.0630404345567298,0.0614255057931436,0.0581275235578865,0.0537870917266988,0.0479840823475161,0.0398898190333727,0.0329206525218916,0.0262888541229552,0.0194368598451756,0.0148544536224884,0.0112287922945436,0.0080066885736604,0.00636645163949717,0.00523965366303081,0.00505104421459116,0.00558766362381599,0.00674800638885525,0.00879126542818479,0.0106523883562983,0.0123534340794943,0.0136982174267754,0.0140628466094617,0.0137902987006106,0.0128740688586662,0.0118275844886243,0.0106524271571292,0.00911278660672902,0.00771043472239401,0.00623171799552993,0.00451766232488285,0.00335557783604654,0.00259735713037278,0.0026454128950315,0.00334968140002934,0.00494721799966747,0.00828956699969957,0.0122697559583378,0.0172520503466342,0.0237830390558427,0.0287393747527085,0.0322603211252183,0.0336667767118693,0.0321940723453285,0.028759166078745,0.023326869964374,0.0187744374595317,0.0150794889976809,0.0123101256719545,0.011365009343373,0.0112541065896832,0.0117139498800927,0.0117779711761133,0.0116290262963102,0.0107425476423657,0.00948312185841982,0.00818746231669556,0.00706984866884959,0.00683640670424639,0.0073379349837975,0.00866855352921246,0.00988509373483543,0.0108214546071022,0.0109402828370832,0.0100558150221341,0.00852090935813179,0.00620815654677955,0.00432911213240211,0.00276815521685836,0.00146272371094086,0.000820453636766969,0.000491229226017206,0.00035269999009618,0.000338037557637987,0.000446324476107031,0.000558002050363655,0.000643480902152019,0.000689325877117038,0.000723738929536788,0.000761312821203173,0.000831505111172528,0.000972281523555641,0.00112154193156277,0.00126267000215029,0.00135877024168223,0.00133807508219107,0.00121320378192933,0.0009713098589243,0.000732740750223992,0.000505883084315712,0.000287680784149174,0.000163314424605839,8.47340458308437e-05,3.42382988479998e-05,1.45736821575185e-05,0,0
3.33775222819073e-05,7.5748943364579e-05,0.000179843543569605,0.000334839154084952,0.00056976454061109,0.00108771943610521,0.00162157388463471,0.00227511946990064,0.00319162018557288,0.00403190770803058,0.00489410482569893,0.0058658573677475,0.00650124103670087,0.00683139526905744,0.0067349905405807,0.00626392927324006,0.00569280701411923,0.0049719481426433,0.0046333649674606,0.00466137634720518,0.00528880162106286,0.00617822926375927,0.00723435802690714,0.00840957608651896,0.00916706926246296,0.00949447475828977,0.00945964528111655,0.00928729766177868,0.00931275915322183,0.0100884959135087,0.011342622290441,0.0130729275843925,0.0154896366031608,0.0175093256715304,0.0193443094017769,0.0210740139183379,0.022126836389788,0.0224902841001925,0.0218747707464014,0.0205928146868191,0.0192162199769829,0.0176900326810057,0.0176294764708792,0.0192540059668797,0.0241304080245097,0.0302688657899393,0.0378429342006315,0.0472435208347738,0.054082500508501,0.0593706981445931,0.062960796735223,0.0639624470404475,0.0637744419243277,0.0628370008169028,0.0615852531719356,0.0597500149625625,0.0563665870897926,0.0521954146957862,0.0467816835439425,0.0393103303495602,0.0328645236548696,0.0266463156608064,0.0200518825960207,0.0154741162480108,0.0117034314190952,0.00824368885004492,0.00645600472315616,0.00528325116265692,0.0051809564765565,0.00592066816476586,0.00737003609813636,0.00979399450288863,0.0119217404764605,0.0137845056434576,0.0151018717286248,0.0152484539673252,0.0146165191907676,0.0131748925067943,0.0117129892705374,0.0102115354590004,0.00844797908409931,0.00699769794243376,0.00556470513150154,0.00397282999294639,0.00290079730224618,0.00223039312386356,0.00228710388414384,0.00292632937844186,0.00438082961863189,0.00745591016689371,0.0111496983063571,0.0158099637944359,0.0219725204578934,0.0266979895163773,0.0301073479871164,0.0315439726005188,0.0302259920499349,0.027001073226798,0.0218127582457118,0.0173829657735698,0.0137142659265936,0.0108771945027488,0.00985696106960784,0.00973341381056301,0.0103106269224967,0.0106183451417023,0.0107814784290645,0.0102530333366186,0.00920900781144097,0.00797579100632985,0.00669049015487751,0.00612551911102321,0.00616457413853382,0.00687128125529585,0.00763635814833685,0.00825624637617495,0.00829941747176627,0.00760492890182543,0.00645034308729135,0.00470479730067877,0.00328350965954584,0.00210105395454271,0.00111050552284664,0.00062198643646346,0.000370078192864032,0.000262492372781996,0.000247217038144355,0.000325770553103372,0.000405944714164873,0.000479625079884283,0.000526367255679808,0.000585143191076405,0.00066253409815462,0.000787760574460484,0.00100754129325381,0.00122443581969332,0.00142468320285703,0.00156766701075157,0.00155936613425623,0.00142375363743694,0.00114312202599887,0.00086344230343075,0.000596503826826641,0.00033964139979553,0.000192734535749897,9.99574615822277e-05,4.03693938855668e-05,1.71761162126216e-05,0,0
3.55873714824344e-05,8.078599543002e-05,0.000191866070823685,0.000357323544552946,0.000608197908246106,0.00117975564103094,0.00177193510399435,0.00251041358055879,0.00357271748603104,0.00457461803783675,0.00562824060514406,0.00684595473022149,0.00765302112266565,0.00809082597711405,0.00799859279101601,0.00741821358065682,0.00663672634182467,0.00559810728661928,0.00495845747962921,0.00466449744357319,0.00488184999875203,0.00541905867944947,0.0061351936020066,0.00696724843866797,0.00755771728466013,0.00785416573588174,0.0079664343538806,0.00805886127902388,0.00843726706620895,0.00969693201602167,0.0113601713030811,0.0134529024036521,0.0161792083906377,0.0183129959222535,0.0201247012143982,0.021678923324667,0.0224929790116224,0.0226073013587346,0.0217190878370121,0.0202180327421815,0.0186259744239799,0.016811582785041,0.0164635961156609,0.0177285799879707,0.0221228393965807,0.0278568648259947,0.0351020552792636,0.0443337147439523,0.0512384693699,0.0567830431967284,0.0607689652672544,0.0620270769888989,0.0619229662394319,0.0608462274930024,0.0593494786289136,0.0572995738086927,0.0538689019495248,0.0499298439454325,0.0449940205757057,0.0382719462216039,0.0324568004058594,0.0267520860271813,0.0205240530334897,0.0160239931744849,0.0121725158013831,0.00853007379427558,0.00662694911244832,0.00542957196047164,0.00543484571084985,0.00639887106430188,0.00816470944292123,0.0110103102503265,0.0134412661549458,0.0154949755472708,0.0168017392822893,0.0167238301093827,0.0157060214206844,0.0136885985970885,0.011759757691986,0.00988074346502807,0.0078412724221963,0.0063129313184669,0.00490698471462374,0.00342956925135611,0.00244558683062895,0.00186292537072539,0.00191723464161125,0.00247467026587827,0.00375586721853337,0.00649741917961348,0.0098207974399235,0.0140469284640761,0.0196842183059732,0.0240507862161175,0.0272483746547127,0.0286673089226646,0.0275360820989462,0.0246179400113837,0.0198544833857282,0.0157260760838889,0.0122647596512981,0.00955656473488651,0.00859160068719576,0.00854634009064641,0.00929075328964326,0.00984059423767278,0.0102745024153582,0.010036026319894,0.00915075286834082,0.00794019126330854,0.0064784539802032,0.00561129943735312,0.00524607799450382,0.00541896620867457,0.0058005537244304,0.00615174608005495,0.0061256539826551,0.00558283594943491,0.0047395687346173,0.0034605961430884,0.00241704997916367,0.00154762828359188,0.000818132682085007,0.000457506188441597,0.00027046471882653,0.000189393592994067,0.000175137881749838,0.000230386054444084,0.000286242602559141,0.000352229629902248,0.00040167839907641,0.000483231662382019,0.000596072754909591,0.000769710642942782,0.00105869418295726,0.00133467588912839,0.00158627526315414,0.00176911915085242,0.00176989169615036,0.00162231485876949,0.00130429197695435,0.000985674022255576,0.000681054623914065,0.000387957859546521,0.000220059227121346,0.000114079631253272,4.60485707042e-05,1.95836830938599e-05,0,0
3.70166939915185e-05,8.40640406089283e-05,0.000199748250348162,0.000372156024384243,0.000633708919867657,0.00124985482261287,0.00189157710469999,0.00270615579623709,0.00390577629387023,0.00506537236703053,0.00631005294723459,0.00777892423952723,0.00876535418480911,0.00932122801777093,0.00924933523972602,0.00858032575900925,0.00761377780488558,0.0062954346595107,0.00539503551911564,0.00482818472508699,0.00470369183772753,0.00494823361432528,0.00537821678427839,0.00591053353695446,0.00634290256195931,0.0065890679510634,0.00679460603090224,0.00709416830028322,0.00776888452767812,0.00945243118996195,0.0114875675863125,0.013911114539839,0.016904889121606,0.0191057317965167,0.0208301409741139,0.0221179772830171,0.0226161407818653,0.0224178177343595,0.0212176721051082,0.0195080655050746,0.0177321562989974,0.015696561156239,0.015110663450842,0.0160446990238472,0.0199438316937821,0.0252215575506013,0.0320538755719523,0.0409907295212808,0.0478602548295959,0.0535695154003966,0.0578768132115949,0.0593615517494081,0.0593363844354051,0.0581348157201081,0.056418310194075,0.0541867637249095,0.0507574502104418,0.0470974587381955,0.0426913997822011,0.0367865939185407,0.0316608653823169,0.0265326071609035,0.0207543848493617,0.0164032790501822,0.0125494095571736,0.00880865496214421,0.00685070283308678,0.00567770136323362,0.00583796693354124,0.00705825828122332,0.00916577702728096,0.0124550501145158,0.0151992934384838,0.0174432133440736,0.0187267095572502,0.0184055043527066,0.0169774324045287,0.0143522141607365,0.0119282985137916,0.00964427578816333,0.00730045252529568,0.00567529235966782,0.00428281477854491,0.00291386493269348,0.00201931067066751,0.00152988039979942,0.00158810867559655,0.00206936082352171,0.00317616355486864,0.00556023397743899,0.00846714746729957,0.0121843926936961,0.0171765328626145,0.0210750862710277,0.0239648819900646,0.0253008085618103,0.0243568023575915,0.0217994809977767,0.0175834348136674,0.0138882351070168,0.0107745094289507,0.00835262332444229,0.00755026572149128,0.00765763401951419,0.00860744607548496,0.00939200687824802,0.0100549198935333,0.0100418719202869,0.00926417173970496,0.00804322517748664,0.00640412306831206,0.00526915051808913,0.00456096753415689,0.00429180309644048,0.00435886470790722,0.00449015625717862,0.0044035588367617,0.00397721939945057,0.00337937543806684,0.00246987284600097,0.00172632620425648,0.00110601656557761,0.000584734199768408,0.000326438888378194,0.000191717326453252,0.000132469169649925,0.000120182316671557,0.000157850017789595,0.00019560706813945,0.000257599949302653,0.000311368130537426,0.000414824677991798,0.000560533180183792,0.000779084327917821,0.00113292418450436,0.00146487739754837,0.00176538398442636,0.00198584353253845,0.0019940260865604,0.00183249321221113,0.00147477095788241,0.0011150725483979,0.000770707810308655,0.000439262297960463,0.000249160364751251,0.000129165783710036,5.21381394591806e-05,2.21734743262929e-05,0,0
3.7693431193081e-05,8.5649789304292e-05,0.00020365804052414,0.000379664437552031,0.000646881625393169,0.00129713607990323,0.00197781619510805,0.0028559699180782,0.00417596919056321,0.00547830622711581,0.00689905223582976,0.00860345599291393,0.00976031115531591,0.010431544002172,0.0103877756327874,0.00964651426037614,0.00852078316622529,0.00695876525729958,0.00582908974370074,0.0050198605347017,0.00458727253467691,0.00456559456062493,0.00473368374691005,0.00499197525229101,0.0052817800778401,0.00548560228028977,0.00578347632240872,0.00628118677846998,0.00723766115702159,0.00931828713346878,0.0116995858545506,0.0144229393612219,0.01763812722482,0.019858371569789,0.0214388901606211,0.0223838153826808,0.0225055863717347,0.0219468642387123,0.0204097909931448,0.0185092493922783,0.0165871662330279,0.0144038867643863,0.0136379291851112,0.0142827303523631,0.0176945177129308,0.0224845394613647,0.0288395389308648,0.0373705777118169,0.0441070088319875,0.0498832109567757,0.0544251182575001,0.0560988557059692,0.0561472990890662,0.0548440462935324,0.0529439476726975,0.0505696809936999,0.0471819736929444,0.0438243230819417,0.0399594649656651,0.0348821065207943,0.0304553089876763,0.025922073669678,0.0206336135844301,0.016477027293802,0.012683749782607,0.00892298877675805,0.0069751898896144,0.00588903834822817,0.00627510410595449,0.00780296706531262,0.0102907778550546,0.014049344434161,0.0171095323840205,0.0195298249483317,0.0207640070642211,0.0201784890525164,0.0183263029932211,0.0150853552073874,0.0121650977215329,0.00947510363665981,0.00682353518689006,0.005094727848302,0.00370411624536041,0.00243179924956605,0.00161929204624239,0.00121464786620761,0.00126724744459308,0.00166582967365855,0.00259014765089642,0.0045982810389403,0.00706320729970004,0.0102340117665246,0.014520842943194,0.0178954547360023,0.0204253124354841,0.0216390092286257,0.0208767298758556,0.0187045441983443,0.015100809071359,0.0119155740390727,0.0092379020082875,0.00720940495732678,0.00664769710798737,0.00696425975404686,0.00815053083064249,0.009163931262994,0.010023198455948,0.0101843100953411,0.00947490731791707,0.00821990113312913,0.00640633929182087,0.00503310535838689,0.00403078131813044,0.00339057279994297,0.00319550993404309,0.00314458346964873,0.00300588383350938,0.00267229106956726,0.0022730056635589,0.00166332292622177,0.00116373608135368,0.000746275031173534,0.000394896049465676,0.000220478188942834,0.00012883197642075,8.78713416303817e-05,7.78581291457708e-05,0.000101077577235949,0.000122767007795454,0.000179266307891158,0.000233421757851274,0.000350625417631248,0.000520346683892709,0.000774064206672424,0.0011812064570123,0.00156070134780246,0.00190377614529222,0.00215821332737201,0.0021746589696741,0.00200319107256455,0.00161404176356305,0.00122108699959104,0.000844290579887769,0.000481495422435196,0.000273116030301352,0.000141584501743956,5.71509906505632e-05,2.43053556773847e-05,0,0
3.77510309616213e-05,8.5849248032075e-05,0.000204331112262531,0.000381232942898312,0.000650096343100365,0.00132368780852873,0.00203207372045401,0.0029586390537363,0.00437510455666382,0.00579510426629293,0.00736340180117766,0.00926999774494952,0.0105762637589362,0.0113543840917344,0.0113525698329221,0.0105705918443083,0.00933400936295097,0.00759525742390608,0.0062923596142643,0.00529168957013226,0.0046020341424808,0.0043475445166268,0.00427894325325467,0.00428217983171081,0.00443243048881685,0.00458450964141006,0.00494754541064731,0.00560879687088224,0.00680491459465143,0.00922186697001975,0.0118961348030695,0.0148658013487195,0.0182408336006513,0.0204343201194981,0.0218299568212445,0.0223898425694498,0.0221112671227095,0.0211807962096259,0.0193176066091439,0.0172630930575037,0.0152456294203333,0.0129951784908697,0.0121118182699722,0.0125171062097982,0.0154638178148538,0.0197509073730157,0.0255797235708749,0.033605707174887,0.0401120762909511,0.0458506655183101,0.0505279769920979,0.0523457166753786,0.0524627622662591,0.0510911647152327,0.0490562275494011,0.0465866585873438,0.0432771905217053,0.040227051892247,0.0368912611169405,0.0326168272890004,0.0288780912529405,0.0249547536991967,0.0202174747114548,0.0163402438995463,0.0127208699254695,0.00907618935197596,0.00723358627907446,0.00630354092246866,0.00695996501203182,0.00880121844047132,0.0116496901870996,0.0158288220118633,0.0191507730434763,0.0216872038942044,0.0228104392930305,0.0219287334986486,0.0196417687992309,0.0158020932128594,0.012411635492464,0.00934231492318921,0.0064072329738932,0.00458332549542073,0.00319291442156505,0.00201047467738507,0.00127644926462127,0.00095125411194438,0.000999811260073257,0.00132401672618679,0.0020783848474246,0.00372481769871074,0.0057542570332252,0.00837598685970795,0.0119404680592157,0.0147648246542562,0.0169036386238572,0.0179636658792989,0.0173686233570665,0.0155841460192748,0.0126184136249975,0.00998077194041598,0.00778439161666558,0.00620343735268696,0.00591662863004626,0.00645835751606638,0.00787329918319993,0.00908702074886487,0.0101003574683939,0.0103894177064365,0.00972210109782497,0.00842964576255938,0.00647565765231466,0.00492335705225086,0.00370861609137974,0.00280677465370035,0.00242947584593182,0.00225178448189709,0.00207435732492032,0.00179991821586286,0.00153209196621304,0.00112206188613759,0.000785498205123621,0.000503938973113504,0.000266613519874036,0.000148535510006658,8.6180261357639e-05,5.79241383041935e-05,5.0274013503388e-05,6.52671151824853e-05,7.92722645071989e-05,0.000135912409606286,0.000194829302092385,0.000326625818493358,0.000515892963167919,0.000794946231534585,0.00123737711081919,0.00164656545719525,0.00201500625005048,0.00228802109932296,0.0023067265098586,0.0021257856364626,0.0017128205315135,0.00129581707913597,0.000895960855810108,0.000510962766884161,0.000289830631862299,0.000150249421672838,6.06486104588313e-05,2.57928345906376e-05,0,0
3.7407389955648e-05,8.51594313407646e-05,0.000202954756379085,0.000379083581888007,0.000647154016383039,0.00133418641476856,0.00205953860410214,0.0030180713905028,0.00450106688294886,0.00600392133736347,0.00767702717183942,0.00973041963266604,0.0111461473934156,0.0120060371187213,0.0120454245223431,0.0112481746174362,0.00994745414795764,0.00810076168404734,0.00668383309162935,0.0055465515356637,0.00465719842794265,0.00421043557855133,0.00393954819451224,0.00372007766072862,0.00374429245376772,0.00384437567905947,0.00425210186655806,0.00504162516005698,0.0064276701340375,0.00910431694266082,0.0120015876354423,0.0151491028750559,0.0186149757818887,0.0207421023888058,0.0219319647778868,0.0221023995850103,0.0214356710852673,0.0201550527964206,0.0180045042695483,0.0158433987229723,0.0137852674157188,0.0115444118483191,0.0106042157298718,0.0108232822525904,0.0133408498693991,0.0171289422788223,0.0224047532354473,0.0298488553955518,0.0360374733586817,0.0416338936397603,0.0463374634684547,0.0482433043683017,0.0484161505085149,0.0470071251631589,0.0448883387082747,0.0423719991520661,0.0391708354857225,0.0364181105632815,0.0335707418952188,0.0300327408190962,0.0269318265740526,0.0235925673021642,0.0194176719418467,0.0158656552956734,0.0124993619495444,0.00907880151868356,0.00742631762074456,0.00672713489332772,0.00771799382734741,0.00989898932573878,0.0131041178945956,0.0176590739910321,0.0211784189151474,0.0237521069232355,0.0246796475837995,0.0234589754910175,0.0207306541583369,0.0163297069205871,0.0125249993038627,0.009137702130862,0.00598301464830473,0.00409851946011183,0.00272325732868096,0.00163385942745172,0.000977566686849389,0.000723797181131298,0.000766491106862104,0.00102239085392556,0.00161990218765906,0.00292961739751493,0.00455056305425638,0.00665273373545224,0.00952628999869217,0.0118187302211474,0.0135726865084924,0.0144731780862843,0.0140322564222063,0.0126221573219256,0.0102841639033421,0.00819560479742765,0.00648959866087863,0.00536920414660217,0.0053610383998205,0.00611685928211566,0.00772630259144436,0.00909526438756892,0.0102129062441137,0.0105805970496278,0.00993174621034287,0.00860058080520218,0.00653563910709095,0.00484980028356577,0.00347997688828883,0.00238968610870778,0.0018814683360258,0.00161281204492559,0.00140721095877038,0.00117482247376148,0.0010006835243677,0.000733429447534677,0.000513708767396034,0.00032970089595389,0.000174394513469601,9.69527831942472e-05,5.58603120692861e-05,3.69914818491668e-05,3.14276573782571e-05,4.08002542682246e-05,4.95552551889044e-05,0.000105672037191786,0.000167106007713715,0.000307147971698375,0.000507320482242748,0.000800142277346677,0.00126116513250488,0.00168559570472957,0.00206685168295658,0.00234921760912035,0.00236921841823612,0.00218396371847877,0.00175969666598922,0.00133128074537532,0.000920481335795726,0.000524946695107734,0.000297762659429924,0.000154361418210509,6.23084296677483e-05,2.64987278004254e-05,0,0
3.69255190809133e-05,8.41784762906504e-05,0.000200952684965601,0.000375872781722234,0.000644090814958834,0.00133870743722633,0.00207526812962073,0.00305497368115087,0.00458089432547106,0.00613515928302667,0.00787056217882194,0.0100099025371942,0.0114865463572556,0.0123920127512211,0.0124579953327274,0.0116610100252869,0.0103354163753659,0.00844436115524689,0.00697082559939428,0.00575167267383117,0.00472180264608856,0.00412577683524815,0.00368942321511638,0.00328354700294122,0.00319769792505883,0.00324690348649683,0.00367907862433669,0.00455954491867908,0.00608132969824928,0.00893364592626203,0.0119759697603622,0.0152261352956407,0.0187116825263368,0.0207391817564419,0.0217176537215767,0.021522438440527,0.020507027211651,0.0189229983672425,0.0165445613577679,0.0143300085718094,0.0122848435734033,0.0101202520955947,0.00917492844515988,0.00925594523790965,0.0113820141926527,0.0146828030808688,0.0193893813229218,0.0261866188226264,0.0319743854308663,0.0373249588691902,0.0419424097028346,0.0438778255429457,0.0440942231909489,0.0426850133204527,0.0405412507673516,0.0380333089901895,0.0349721669756604,0.0325006375834212,0.0300885035917213,0.0271995381430752,0.0246676379534914,0.0218704110288281,0.0182527198912688,0.0150633831351802,0.0120237034263032,0.00893259640101755,0.007552575372091,0.00715612848540405,0.00854238298773105,0.0110834383779509,0.0146355476563619,0.0195198414689483,0.0231801920328651,0.0257319681910512,0.0264171401702859,0.0248523773333166,0.0217102980744503,0.0168107800523091,0.0126505419926205,0.00899358163981689,0.0056543746059207,0.00371629327137387,0.00234652331877373,0.0013305805994554,0.00073964547897794,0.000541593539700313,0.000574090068203959,0.000768036943766619,0.00122716105386761,0.00223772163688131,0.00349317559146304,0.0051271952332801,0.00737212529110816,0.00917450567187583,0.0105668270842338,0.0113051106925238,0.0109905468791911,0.00991175720849655,0.0081409798315882,0.00655704167138146,0.00530724349314571,0.0046185882175552,0.00486912964517215,0.00581483214968886,0.00758145185249539,0.0090656546708159,0.0102489173086758,0.0106625303613876,0.0100218153578357,0.0086604007866602,0.00651581942576736,0.00473398140630283,0.00325094019590422,0.00202118911977046,0.00141591479706085,0.00108212760236485,0.000862343513749545,0.000670443021788856,0.000575327083778061,0.00042519110233825,0.000299752439002267,0.00019356628272719,0.000103118118359789,5.76787140293744e-05,3.34527198077139e-05,2.28863806107042e-05,1.90199478156162e-05,2.4692222449338e-05,2.99907293864858e-05,8.45504323827545e-05,0.000146201047010563,0.000288296012073023,0.000490855588297195,0.000785811148341121,0.00124827505887892,0.00167286708488834,0.00205372309089091,0.00233570567469747,0.00235607292638972,0.00217220209935135,0.00175021991425106,0.00132411120453255,0.00091552413307577,0.000522119622918844,0.000296159074644631,0.000153530113096051,6.19728709714297e-05,2.63560203272597e-05,0,0
3.65630195864684e-05,8.34903238783172e-05,0.000199709335582429,0.000374175042628756,0.00064322575064285,0.00133886874956609,0.00207829363999459,0.00306230883272775,0.00459407874748639,0.00615185455775589,0.0078875778020238,0.0100287689907285,0.0115035043853073,0.0124117135721982,0.0124926731247929,0.011721072571289,0.0104222625494592,0.00856499544208007,0.00710188243740883,0.00586242250437779,0.00475693689369125,0.00405824547893276,0.00349711948328843,0.00294408236736225,0.00276525825245796,0.00276519231097876,0.00319993520222133,0.00412937425964714,0.00572445133194814,0.00865510977563627,0.0117512546745673,0.0150176589011269,0.0184467377923261,0.0203482343726439,0.0211279813729529,0.0206249314592227,0.0193327790775939,0.0175218494476492,0.0149997175420778,0.0127901257212355,0.0108080529057224,0.00876865976259831,0.00785156568182969,0.00782338424570058,0.00957700464487272,0.0123944892177061,0.0165175954169205,0.0226203760236909,0.0279483033057408,0.032980600332948,0.037436379377724,0.039366838409642,0.0396291635030787,0.0382630351249322,0.0361503925983577,0.0336992231129023,0.0307992142633605,0.0285830186309338,0.0265437021442832,0.0242032034999004,0.0221605535428124,0.0198522186028345,0.0167730609499384,0.0139735224638035,0.0113225955980885,0.00865457931435599,0.00761889359522669,0.00758641167414767,0.00940977810767396,0.0123101978321603,0.0161726328881334,0.0212996865271376,0.0250076320033109,0.0274423086184431,0.0278030042642617,0.0258717533946451,0.0223411869783285,0.0170240523182635,0.0125969397041455,0.00875639204701222,0.00531489523613162,0.00336473499126746,0.00201827017303426,0.00107771908654824,0.000550541432112518,0.000398479086916084,0.000420754122968203,0.000562258951388561,0.000904322619981315,0.00166036845428314,0.00260330385402561,0.00383468858153047,0.00553485227075823,0.00690855924132544,0.00798015395957634,0.00856459329144161,0.00834788418893995,0.00754437904802383,0.00624660443164302,0.00508044684511676,0.00419889363389758,0.00383941345641396,0.00426778284176761,0.00532828658929887,0.00717874436984299,0.00873425207842735,0.00996756134802505,0.010444520896187,0.00985474166040054,0.00852769306176339,0.00640027648291347,0.00461051517643106,0.00310151851031016,0.00182555003077596,0.00118317872601807,0.000818350732888389,0.000588848708314877,0.000414610166290734,0.000355789306659244,0.000262943379103917,0.000185107867073057,0.000119097051604081,6.22985854713945e-05,3.28824381500746e-05,1.58621968289796e-05,5.87284227613226e-06,0,0,0,5.06579776797478e-05,0.000110840998042644,0.000251865880176301,0.00045209698450672,0.000741664306966273,0.00119284528057102,0.00160534942846694,0.00197455181863252,0.00224777636501188,0.00226809766096019,0.00209162535451776,0.00168529638642859,0.00127499396507735,0.000881563225625276,0.000502751857994437,0.000285173202660198,0.000147834990735702,5.96740184786709e-05,2.53783570033117e-05,0,0
3.65204772663535e-05,8.35470327008363e-05,0.000200288808034826,0.000375957033589374,0.000648908775435479,0.0013428767404953,0.0020814696821505,0.00305899533478794,0.00456837252035967,0.00608970399184733,0.00777116650632204,0.00983587860684975,0.0112470014402026,0.0121119340205369,0.0121867748517195,0.0114541677356288,0.0102203822447364,0.00845930509182081,0.00706244099265868,0.00585575114246981,0.00473348446570216,0.0039766640366318,0.00333101864927575,0.00267176292845007,0.00241861915371885,0.00237265522332167,0.00278992219968251,0.00372700916543382,0.00533249554822544,0.00824320204495214,0.0113002650441845,0.0144959524579703,0.0177966590982752,0.0195544068403004,0.0201629394756914,0.019435021287912,0.0179621097456452,0.0160239027311725,0.0134629791535092,0.0113296458254075,0.00946674134065434,0.00760526872127131,0.00675895400025745,0.00667172921945408,0.00811833305186559,0.0105085927704062,0.0140886001374729,0.0195009872758381,0.0243269817195039,0.0289592980432704,0.0331345844344867,0.0349740462752537,0.0352320997840611,0.0339005375986945,0.031845506607552,0.029482425369895,0.0267565175635789,0.0247689562451527,0.0230395416155666,0.0211479314036125,0.0195120473579037,0.0176332442400135,0.0150606779651577,0.0126643525361073,0.0104465572974517,0.00827437473656102,0.00763832084968394,0.00801482558790489,0.0102984216735269,0.0135434584390871,0.0176691505682277,0.0229477252803796,0.0266146256940297,0.0288501543085422,0.0288258425262547,0.026522868920923,0.0226405766634464,0.0169900993568427,0.0123797808878474,0.00843282920175507,0.00496038004734265,0.00303331704753584,0.00172577485701832,0.00086267373098542,0.000399291289745705,0.000285479520041262,0.00030069034141809,0.000400882251186831,0.000648516855201015,0.00119710813919754,0.00188400510202298,0.0027838385956137,0.0040324780844741,0.00504827781167366,0.0058493083895644,0.00630304432326015,0.00616712965975535,0.00559796112754325,0.00470854824150309,0.00391394190712947,0.00337033826116365,0.00332415724580254,0.00392357061092418,0.00508277623608954,0.00697308273576717,0.00853697194330045,0.00974865285622525,0.01020869940253,0.0096234338683361,0.00831171387798244,0.00621223951718412,0.00444269220678738,0.00294370731431427,0.00166433006795879,0.00101125739392612,0.000636708360951508,0.000407236038671507,0.000248225776325381,0.000213009916384516,0.000157423357443484,0.000110823486117619,7.13030226850653e-05,3.72979632432991e-05,1.96866102206235e-05,9.49664634932866e-06,3.51605182832687e-06,0,0,0,4.72237396250676e-05,0.000103326794141667,0.000234791227179982,0.000421448136295397,0.000691384925446471,0.0011119791496374,0.0014965185522493,0.0018406917376132,0.00209539367062294,0.0021143373322664,0.00194982854940189,0.00157104569485386,0.00118855875793116,0.000821799727046861,0.000468668982169807,0.000265840558334322,0.000137812866398101,5.5628559213978e-05,2.36578911778298e-05,0,0
3.68996578882623e-05,8.45735794921694e-05,0.000203207896026644,0.000382153520430989,0.000662843549833843,0.00135449060679074,0.00209082615636209,0.00305432135058281,0.00451858920605957,0.00596955464063255,0.0075492135151194,0.00946727825831292,0.0107583544965175,0.0115361981562202,0.0115808729286819,0.0108936015701934,0.00975219429230924,0.00813476115609287,0.00684807879402969,0.0057174477569965,0.00462921295207004,0.00385516533659351,0.0031637085262133,0.00243899388044152,0.00213101929021024,0.00204399555120227,0.00242593212149156,0.00333132481244613,0.004886452238102,0.00768226318747337,0.0106104112166919,0.0136524136830341,0.0167576187466363,0.0183591264468786,0.018828525416799,0.0179624814763193,0.0164049427176031,0.0144359918288124,0.0119332323544432,0.00993422003187584,0.00823334716021134,0.00658319585140706,0.00583241954718007,0.00571488875151358,0.00689143285125845,0.00888707406364601,0.0119472016834355,0.0166705070880655,0.0209682753294035,0.0251517846823577,0.0289787320942777,0.0306833917789708,0.0309195272310659,0.0296389560912956,0.0276767788668869,0.0254358313007804,0.0228985896230465,0.0211166657738686,0.0196423488042756,0.0181099049734958,0.0168059590540628,0.0153010009026782,0.0131997974479961,0.0112107632287261,0.00945291577263944,0.00782501936712456,0.00762180814872021,0.00842922983730037,0.0111680243888238,0.0147192758350099,0.0190397605364306,0.0243591511537786,0.0278892129513178,0.0298462013913265,0.0293911140969194,0.0267302499439408,0.0225545320656502,0.0166798265985576,0.0119874374117827,0.00802476854720939,0.00460305601656966,0.00273847715376155,0.00148706601542525,0.000700855598157138,0.00029680100753679,0.000210069627408485,0.000216563198419095,0.000282948930570012,0.000455513771113178,0.000840263758307099,0.00132520052546726,0.00196267278636339,0.00285266033499896,0.00358270860940315,0.00416629268835679,0.00451274053234741,0.00443881232864934,0.00405503849464707,0.00348564708972569,0.00298147302341699,0.00269622244771766,0.00287506729693427,0.00357802651681015,0.0047720085737847,0.00663307756781543,0.00815490487700364,0.00931305759142875,0.00974190239123393,0.00917166694660829,0.00790166600976124,0.0058705952340527,0.00415171716624074,0.00268381944758064,0.0014121462712855,0.000749146432239505,0.000363277833427281,0.000135228943852689,0,0,0,0,0,0,0,0,0,0,0,0,4.26188534367624e-05,9.32511810919064e-05,0.000211896240722738,0.000380351841988297,0.000623966527003904,0.00100354772365329,0.00135058988021891,0.00166120201429271,0.00189106742603659,0.00190816385138427,0.00175969666598922,0.00141784972437658,0.00107265989325334,0.000741664306966273,0.000422968083850116,0.00023991788628242,0.000124374443899463,5.02041013876056e-05,2.1350960443539e-05,0,0
3.76806374370864e-05,8.65160244341983e-05,0.000208313216315464,0.000392438909253712,0.000684579305218403,0.00137441675633635,0.00210857170948142,0.00305361385180939,0.00445703047949696,0.00581280185300401,0.00725492668239563,0.00897170486945434,0.0100976862856202,0.0107516974914126,0.0107421730315699,0.0100991592220906,0.00906231189687181,0.00761369183105135,0.00646007560811345,0.00542639501635183,0.00439416442050994,0.00361847828034715,0.00289478131553469,0.00212046323637398,0.00176549773269499,0.00164266333075146,0.00198936313137676,0.00285159886495245,0.00433107261061057,0.0069639386211332,0.00970954716552756,0.012545241623142,0.0154145327268752,0.01686060426121,0.0172302588823729,0.0163174004995446,0.0147719450653341,0.012867669296401,0.0105143126192031,0.0086963956476635,0.00718374762968909,0.00575160171744365,0.00509703743482698,0.00495491179945811,0.00587740025687824,0.00750049083972134,0.0100619209103321,0.01410803500684,0.0178685986905785,0.0215795846389676,0.0250208726036628,0.0265670827311866,0.0267766209866794,0.0255709096964542,0.0237390647871067,0.0216578565763383,0.0193330409826031,0.0177455782397929,0.0164847810442121,0.0152323287065651,0.0141866986885213,0.012991582420682,0.0113056341547724,0.00970364608274735,0.00840114322181928,0.00732882779146028,0.00756308169479338,0.00879592863675268,0.011954711152058,0.01575272090191,0.0201842571661936,0.0254271317269394,0.0287307467404173,0.0303471379398679,0.0294440351346328,0.0264624741926344,0.022068475260313,0.0160869349061082,0.0114115898243681,0.00751750752790345,0.00421972151905066,0.00245302240963815,0.00127582146882336,0.00056955413970448,0.000223973185506088,0.0001583540567319,0.000158339373512424,0.000199402093484643,0.000315070240927388,0.00057547431786235,0.000907310948620282,0.00134536875493057,0.00196204729659853,0.00247382488851699,0.00289103282006971,0.00315540876069937,0.00312944163155106,0.00288861192436916,0.00255963405186532,0.00227105675837071,0.00216922352663552,0.00248823206943215,0.00322875944069634,0.00439475202611361,0.00615879796314569,0.00758990828441334,0.0086645322331552,0.00905673697508847,0.00852137204754814,0.00733502812520409,0.00544448160417575,0.00384724307041452,0.00248491558281851,0.00130613210306453,0.00069228666255695,0.000335396529943365,0.000124756319298106,0,0,0,0,0,0,0,0,0,0,0,0,3.72367703855996e-05,8.1475040703701e-05,0.000185137117146334,0.000332319456385028,0.000545169483004032,0.000876815614294183,0.00118003186851209,0.00145141863241575,0.0016522557002031,0.00166719311906235,0.00153747497681916,0.00123879786457031,0.000937200016565029,0.000648003906127512,0.000369553944996045,0.00020962007474351,0.000108667930642311,4.38641222143504e-05,1.86546738693418e-05,0,0
3.8723076597519e-05,8.90449615335395e-05,0.000214791020202547,0.000405248073746979,0.00071152986642495,0.00140011331025781,0.00213262986609383,0.00305726388669075,0.00439142975853971,0.00563796626448637,0.00692166931263404,0.00840315688335869,0.00933485301919105,0.00983921657408518,0.00975447814326587,0.00914818527287926,0.00822051622255897,0.00695484529008861,0.00595501278576862,0.00504875269026675,0.00412440974449194,0.00340224191291337,0.00270654670386139,0.00194993098574736,0.00158342554306804,0.00143485206870897,0.00172083045691378,0.00248836152627827,0.00382118871107668,0.00619620037736206,0.00868107880120337,0.0112469933666455,0.013838697893295,0.0151312089946999,0.0154375673250412,0.0145563940221706,0.0131051004252835,0.0113439565924997,0.00921263874326619,0.00761270415283091,0.00630868087089824,0.00510041593455532,0.00454849073036169,0.00439796712340159,0.00510511448405129,0.00640232977676116,0.00851578276897486,0.0119344265005967,0.0151776841084254,0.018415954751993,0.0214506250849725,0.0228165867342477,0.0229852516569874,0.0218545773328253,0.0201630598737871,0.0182503534847489,0.0161332460110474,0.014715168534041,0.0136225768615564,0.0125814072598107,0.0117343461586696,0.0107981674879812,0.00948145606131719,0.0082453869870439,0.00738248419389288,0.00685362023305473,0.00750586433217166,0.00913144627263822,0.0126451131780048,0.0166113544019483,0.0210603464663153,0.0261118129279583,0.029112321923613,0.0303461401265027,0.0290030448854743,0.0257536651307622,0.0212242836074795,0.0152509753854463,0.0106829133145753,0.00693065370845513,0.00381728852734143,0.00217662806447362,0.0010882229557171,0.000463714653769863,0.000174757235653078,0.00012549623705636,0.000120980597756755,0.000143701817336906,0.000217504884218176,0.000386596294683504,0.000606608550033192,0.000898832425698234,0.00131566849734993,0.00166811019983273,0.00196456438910043,0.00217136726202608,0.00218382779266688,0.00205161962573467,0.00189615099825964,0.0017590960014726,0.00177564957397695,0.0021604544757221,0.00288056794861153,0.00396373177251249,0.00557205886052075,0.00687090608893046,0.00783688485747811,0.00818433443923591,0.00769598174502327,0.00661935564749114,0.00490959869073603,0.0034670283494713,0.00223783117660618,0.00117527201794618,0.000622474963116292,0.000301348019796185,0.000112066869055004,0,0,0,0,0,0,0,0,0,0,0,0,3.14971392519385e-05,6.8916575632839e-05,0.000156600303922052,0.000281096133888551,0.000461137712649912,0.000741664306966273,0.00099814317136978,0.0012276987049268,0.00139757898792512,0.00141021397095406,0.00130049042760088,0.00104785104726657,0.000792741129882834,0.00054812136111008,0.000312591343075905,0.000177309487794663,9.19179861254707e-05,3.71029590171908e-05,1.57792648094257e-05,0,0
3.97916464744942e-05,9.16142730117764e-05,0.000221309741237076,0.000418046580766207,0.000739412279205747,0.00142626110303298,0.00215707213226863,0.00306082538201122,0.00432400153170212,0.00545818197010622,0.00657829628191108,0.0078132445548944,0.00853919617907729,0.00888094608540405,0.00870470816835572,0.00812180207959553,0.00729114501929739,0.00619597587270969,0.00534340185578185,0.00456387013780536,0.0037570778981398,0.00310504340708417,0.0024596436837668,0.00175165941470881,0.00139557368223239,0.00123798609084815,0.00147300303973307,0.00214176491407023,0.00331285372342416,0.00540061836412948,0.00759244767026998,0.00985876567962026,0.0121534884496775,0.0132984907662549,0.0135710001530487,0.0127824103307057,0.0114859365889537,0.00992453841298157,0.00806277887007287,0.00669665260713674,0.00560131363154965,0.00459955460248999,0.00413661118344098,0.00397526720285605,0.0044888815966131,0.0055006822975653,0.00722107806834763,0.0100824932613197,0.0128543178883124,0.0156496302966539,0.018284828405375,0.0194574832806037,0.019562796989616,0.0184790208754686,0.0169056357857291,0.0151404067415983,0.0132040486795213,0.011929350785476,0.010975511086302,0.0101083840838727,0.00943105625978296,0.00872718963833961,0.00775025972392549,0.00685937407972456,0.00640648020199914,0.00638449072926258,0.00741306631007563,0.0093763154600126,0.0131546587636781,0.0171956944897516,0.0215619002724512,0.0263134303233046,0.0289518351873839,0.0297880815021225,0.0280494200593902,0.0246116471569698,0.0200472217241988,0.0142043454156177,0.00983023282175195,0.00628509725881118,0.00340511281396422,0.00191121792801432,0.000922386148116423,0.000378441452402524,0.000140668634058764,0.000101181398770306,8.82151882300455e-05,9.08773383176006e-05,0.000124849726397281,0.000213767409056815,0.000340633417551525,0.000516427413940941,0.00078089791202318,0.00101844343936865,0.00123501122437966,0.00141701844318284,0.00147501180112929,0.00143902131291896,0.00141967627625522,0.00139319396511689,0.00148394701518147,0.00188281497266136,0.00254238395686621,0.00350612324699969,0.00491942070270405,0.00605851898537934,0.00689970476921623,0.0071969184658776,0.00676279381673408,0.00581190987187856,0.00430778257024995,0.00304025939604785,0.00196118339521648,0.00102920967031685,0.000544762382439993,0.000263551136302389,9.79300520693269e-05,0,0,0,0,0,0,0,0,0,0,0,0,2.57928345906376e-05,5.64354058199611e-05,0.000128239130023735,0.000230188082398908,0.000377623143827326,0.000607344833394149,0.000817373968822601,0.00100535573627906,0.0011444697683357,0.00115481648664284,0.00106496447875826,0.000858079475776818,0.000649171363555012,0.000448853576498611,0.000255979336470242,0.000145197767119657,7.52711347235405e-05,3.03834096518688e-05,1.29215534127067e-05,0,0
4.06003555247224e-05,9.35631574955763e-05,0.000226266381726125,0.000427795982100763,0.000763014331022531,0.00144579917811912,0.00217334672086951,0.00305614097878648,0.00425173624685765,0.00528002028018453,0.00624581544700619,0.00724469904468043,0.00777190009271013,0.00795260705153939,0.00767797329762013,0.007105882791301,0.0063561333559095,0.00541168466628206,0.00469381709218023,0.00403514458182728,0.00334825522946048,0.00277544424265457,0.00219276596906981,0.00154962025155974,0.00121327041825833,0.00105161799946627,0.00123484038762888,0.00179775446593538,0.00279561872350221,0.00458066112694531,0.00646536370730402,0.00842205518885036,0.0104195671334967,0.0114296128870359,0.0116930401390837,0.0110400599908333,0.00994044815081013,0.00861700839771593,0.00705805401888311,0.00593840993726883,0.00505640102380211,0.00425583102412849,0.00387951114204095,0.00371157747217903,0.00405138529068101,0.00480511196373912,0.00616548948017987,0.00851109963670756,0.0108410375788998,0.0132153658044637,0.0154642764712955,0.0164475581432503,0.0164937174451106,0.0154734074002786,0.0140424305701622,0.0124576476708017,0.0107406219243528,0.00962939814845799,0.0088167508491246,0.00810230173841872,0.00756322594734977,0.00705264668177506,0.0063655666798705,0.00577688711245587,0.00567420519049515,0.00607697446938379,0.00739538405205249,0.00959111597679938,0.0134943361685845,0.0174863144107444,0.021653549242671,0.0259967007753953,0.0282269456655523,0.0286693689391806,0.0265985492989814,0.0230600336254348,0.0185577557272542,0.0129506733024338,0.00883741752499069,0.00554617922704732,0.00293309350445664,0.00160295973983958,0.000729022131412901,0.000276644152123893,9.89463348815411e-05,7.93786568221638e-05,7.50899924838816e-05,7.61241599209347e-05,9.56584915167507e-05,0.000147364151450549,0.000227811886632505,0.000340011886686592,0.000515940715369384,0.000682422579169591,0.000845925864428073,0.0010062133969553,0.00108816484793637,0.00110973579376342,0.00116632261650439,0.00119780383355572,0.00131319100278177,0.00167381982895512,0.00223597775424596,0.00304817603408152,0.0042374974929874,0.00519791062968336,0.00590403780515452,0.00614777045436998,0.00577211252997672,0.00495602760241183,0.00367135022317765,0.0025898416196216,0.00166980064911659,0.000875753411926153,0.000463290751936986,0.000224012733048056,8.31816475206777e-05,0,0,0,0,0,0,0,0,0,0,0,0,2.04482381411163e-05,4.47412871098702e-05,0.00010166638569794,0.000182490245870391,0.000299374926995464,0.000481495422435196,0.000648003906127512,0.00079703351098269,0.000907321383619127,0.00091552413307577,0.000844290579887769,0.000680274725254807,0.000514654974803914,0.00035584552719409,0.000202937230995482,0.000115110982051536,5.96740184786708e-05,2.4087588896725e-05,1.02440466714772e-05,0,0
4.0866468832497e-05,9.42400795757866e-05,0.000228085386057204,0.000431517525090147,0.000777130155329067,0.00145129771861164,0.00217202243124161,0.00303321143676333,0.00416777942035841,0.00510373041006048,0.00593582547513133,0.00672704302212273,0.00707709960839709,0.00711006533000327,0.0067367821692871,0.00616132401983804,0.00546915392760435,0.00464248285593724,0.00403460497480515,0.00347967013009665,0.00290366690542845,0.00241231779319868,0.00190037199561059,0.00133577438741548,0.00103060102865698,0.000874172761306245,0.00101397560967301,0.00147673926646496,0.00230778508619819,0.00380236961641577,0.00539200350643311,0.00705348442306754,0.00877372994118362,0.00966634435714532,0.00993881850369105,0.00944409087675871,0.00855958097633839,0.00748845491580571,0.00623951166209336,0.00536207008679792,0.00468220833648471,0.00406205138257859,0.00376012297108944,0.00358491684307886,0.00377603802697798,0.00431251434295046,0.00537000438057014,0.00727461723377692,0.00921871870849441,0.0112194139968991,0.0131204628477546,0.0139342122457492,0.0139345287125965,0.0129905879257135,0.0117063579685419,0.0102971074445409,0.00877741342473167,0.00779656635477869,0.00708036823307193,0.00645711853739964,0.00600201945720361,0.00562685166498899,0.00516027874254648,0.00481629593735706,0.0049941538913472,0.00573776679043467,0.00727263013046063,0.00961742271811148,0.0135356751959919,0.0173838141958815,0.0212682567354077,0.0251377268203001,0.0269512715054725,0.0270421523828509,0.0247487478724594,0.021231178703054,0.0169190089449701,0.0116830632192037,0.00791385382436875,0.00492903481966567,0.00260484307580118,0.00143217930821524,0.00065607045875228,0.000262436471006032,0.000116396415052226,9.57281202140304e-05,8.46624455717458e-05,7.78706230122396e-05,8.32190407682648e-05,0.000106678261328952,0.000155267459817154,0.000225683085757748,0.000344954213499841,0.000467844131797032,0.000601662555003784,0.000756603303950423,0.000863323590220245,0.000931658819812413,0.00103950611064903,0.00110349949966091,0.00121778246100238,0.00151293815942423,0.00195980589007174,0.00260733670659278,0.00356269990023259,0.00433915070839082,0.00490890209577315,0.00509927314151011,0.00478268043931877,0.00410213691120357,0.00303741290365716,0.00214180477779903,0.00138036628981424,0.000723588352124653,0.000382625117792788,0.000184925382429584,6.86290149259954e-05,0,0,0,0,0,0,0,0,0,0,0,0,1.56942864275832e-05,3.43395147393713e-05,7.80302618831642e-05,0.0001400636166874,0.000229774116531641,0.000369553944996045,0.000497351353147078,0.00061173349642248,0.000696380860694156,0.000702676576666252,0.000648003906127512,0.000522119622918844,0.000395004328989699,0.000273116030301352,0.000155756941409028,8.83491629356856e-05,4.58005786036891e-05,1.84875350573571e-05,7.86243790443825e-06,0,0
4.0362820336948e-05,9.31229298686299e-05,0.000225508103752278,0.000426837689722157,0.000777470982620288,0.00143637153750708,0.00214465840683877,0.00298236381248358,0.0040634887010244,0.0049246458536525,0.00565074744592032,0.00627487195555389,0.00648024256519325,0.00638837406070514,0.00592393292021968,0.00533359454553394,0.00467534225019653,0.00393062515078255,0.00340451604828901,0.00293219494864578,0.0024521682615722,0.00203890571740681,0.00159977324423475,0.00112045357774595,0.000853590274662497,0.000709275543764151,0.00081443248298688,0.00118630054807238,0.00186363030275137,0.00309115366137453,0.00440950466134217,0.00580140087427142,0.00727320956996253,0.00806632764116918,0.00835805891747592,0.00802534635347633,0.00735373722704179,0.00652855420890268,0.00557668570244991,0.00492544282511694,0.00443000226889756,0.00396620066787126,0.00372336415471115,0.00353508477492094,0.0035916092809338,0.00393828326633989,0.00473368624832545,0.00625672182724414,0.00786308974679607,0.00953296700060553,0.0111198312031907,0.0117755723129216,0.0117288962843527,0.0108517566752957,0.0097025206793011,0.00845927678721877,0.00713005809091566,0.00627704707293043,0.00565584538193269,0.00512066619430799,0.00474322727927102,0.00448649918275312,0.00420878651594412,0.00407004439104003,0.00446444205822351,0.0054555803565912,0.00711578262107314,0.00950519019833797,0.0133081038246223,0.016909908275277,0.0204287530292434,0.0237702006617767,0.0251693788592005,0.0249558665602866,0.022538589749058,0.0191393936101267,0.0151084772357153,0.0103274422739226,0.00694633866636081,0.00429373684111976,0.00226939443553817,0.00125701317325306,0.000582685351137101,0.000247908035709947,0.000131415402215383,0.000111039589289389,9.2179795102586e-05,7.53988644115571e-05,6.18675366367006e-05,4.66930588966995e-05,4.93706976961669e-05,5.91596439344824e-05,9.55116395881307e-05,0.000154318164997805,0.000244362754600003,0.000391027147251895,0.000533120129673078,0.000668245077276774,0.00085781397802686,0.000978560072143862,0.00111169110559821,0.00135882974924326,0.00170113049362941,0.00219326664897272,0.00292548205453859,0.00352724174702005,0.00396646961328819,0.00410608443615749,0.00384577698167179,0.00329411257231034,0.00243820802957227,0.00171872880689813,0.00110733159332435,0.000580223867727707,0.000306706219686509,0.00014817863094987,5.49664585268786e-05,0,0,0,0,0,0,0,0,0,0,0,0,1.16615455583089e-05,2.55157708145044e-05,5.79799188753193e-05,0.000104073431729331,0.000170732281484591,0.000274594846074045,0.000369553944996045,0.000454544911677958,0.000517441628862247,0.000522119622918844,0.000481495422435196,0.000387957859546521,0.000293505601512842,0.000202937230995482,0.000115734262697787,6.56473165165506e-05,3.40318456941836e-05,1.37370522277007e-05,5.84213740746039e-06,0,0
3.89580309059746e-05,8.99113025158469e-05,0.000217814789928149,0.000412406124090884,0.000761371269838066,0.0013968401615702,0.00208540000767279,0.00289623082479675,0.00393064192362641,0.0047352785547942,0.00538549936067291,0.00588863476384298,0.00598748542192837,0.00579970206772959,0.00525811082384523,0.00464567692110518,0.00400077197673518,0.00330446934672628,0.00283255460720386,0.00242107235207049,0.00201913330187065,0.00167647760212428,0.00130727696244923,0.00091355393350117,0.00068839861555045,0.000561001437631206,0.000640185183532285,0.000933397503009686,0.00147545913624976,0.00246807585893016,0.00354727995604349,0.0047025285822586,0.00595987194372196,0.00667148368777703,0.00698879433733007,0.0068135377625432,0.0063442038391468,0.00575043241673132,0.00507407499865426,0.00462710786445804,0.00428897056218306,0.00394583695989499,0.00373199535962792,0.00350403778774154,0.00340591360275164,0.00355680646179149,0.00409694262945921,0.00526488899152489,0.00656999512324944,0.00795927561909196,0.00929996513842714,0.00985305124445429,0.00980681384897507,0.00903812652797791,0.00804126296104233,0.00696914239096591,0.00582459848671476,0.00509010523355257,0.00455408793074365,0.00409748352841104,0.00378925875950589,0.00363449754827968,0.00351654537765213,0.0035439251724252,0.00408971026385965,0.00523174124497228,0.00692308464208377,0.00925172281477461,0.0128150608888483,0.0160812116694478,0.0191722381529784,0.0219605893901141,0.0229706130179427,0.022516643176185,0.0200828172829998,0.0168974027059139,0.0132305377158648,0.00897356210647363,0.00601107497458242,0.00370319443051859,0.00197374818244475,0.00111237541213198,0.000532678920824364,0.000246890563395803,0.000151757978585821,0.000129248309599685,0.000107248245591143,8.77732008873823e-05,7.05045492355708e-05,5.02391507057411e-05,5.13603465595455e-05,6.01759055730964e-05,9.87062757054144e-05,0.000163451714406455,0.000264232218101075,0.000430301802110899,0.00059282269344274,0.000748959348922159,0.000942072997858891,0.00105042943452624,0.00114295649208463,0.00129307892506597,0.00151032377957636,0.00184238017406527,0.00235977810504999,0.00279602497258685,0.003116295715952,0.00320977805435422,0.00300042106771411,0.00256533714448256,0.00189821786794463,0.00133773355770983,0.000861634466067306,0.00045133126888581,0.000238504512317224,0.000115193909890782,4.27149399517956e-05,0,0,0,0,0,0,0,0,0,0,0,0,8.38879363686718e-06,1.83549028538474e-05,4.17081571302359e-05,7.4865766076426e-05,0.000122817157414033,0.000197531235113273,0.000265840558334322,0.000326979253623681,0.000372224335268923,0.000375589474699119,0.000346366244140522,0.000279079510281346,0.000211134785697553,0.000145983955861268,8.32540456693548e-05,4.72237396250677e-05,2.44809857477941e-05,9.88182018762855e-06,4.20257202309591e-06,0,0
3.66372343491225e-05,8.45738852786072e-05,0.000204938144407312,0.000388108656176793,0.000728164461019939,0.00133141381944513,0.00199198911223907,0.00277113710243546,0.00376329906155186,0.00452755524022412,0.00513004938907957,0.00555737534650398,0.00558843496616292,0.00533586419988638,0.00473584332248095,0.00409928556313946,0.00345277653189208,0.00277767473503351,0.0023363768416152,0.00196611136883502,0.00162410891913864,0.00134216866195276,0.00103642824943588,0.000723392874025723,0.000539966894775103,0.000432081339338925,0.00049318574037658,0.000721387602443517,0.00114955925520176,0.00194378263308953,0.00282002780802511,0.00377438659179952,0.00485105674686482,0.00549504403602579,0.00583640167448525,0.00580100090292696,0.00551147698557802,0.00512416241045905,0.00469390374922527,0.00442756051102749,0.00422997894399338,0.0039916092484114,0.00380406879215858,0.00354972197712909,0.0033425479568728,0.00335649915799875,0.0037148400110688,0.0046198458704326,0.00568893990764059,0.00684406802150416,0.00796018626431539,0.00840237748885375,0.00833162100013173,0.0076318158425542,0.0067519445464358,0.00582033843147806,0.00483202516761965,0.00420039418056202,0.00374127556619183,0.00335876476905618,0.00311939214138813,0.00305748489416608,0.00307789137460605,0.00323746650445077,0.00387552805006046,0.0050757140582602,0.00670808430239313,0.00887728273192665,0.0120911180418543,0.0149504481359971,0.0175736989664959,0.0198105973596563,0.0204731593447586,0.0198495444914613,0.0175003926817378,0.0146095380857924,0.0113701125242779,0.00768247772096763,0.0051520752753717,0.00318830306955535,0.00173735110092734,0.00101115043288484,0.0005135215274811,0.000263106615051928,0.000179272851505284,0.00015093588245638,0.000123368532369266,0.000100283327997427,7.92087973955349e-05,5.38527285357309e-05,5.34917634192353e-05,6.10445753217928e-05,0.000100502515762849,0.0001691510166288,0.000277676958006409,0.000458640459640794,0.000637668185504702,0.000811547615238156,0.0010083376394895,0.00110728193270707,0.001166326819389,0.00123438779386533,0.00134461819292623,0.00153895969033957,0.00187109350037792,0.00216451169818334,0.00238221173544393,0.00243614978134711,0.00227114036183221,0.00193680011337924,0.00143278445305434,0.00100951576387662,0.000650087870095817,0.000340429135910342,0.000179856480512808,8.6846775658181e-05,3.21938432928777e-05,0,0,0,0,0,0,0,0,0,0,0,0,5.84213740746039e-06,1.27827515152476e-05,2.90464631166901e-05,5.21381394591806e-05,8.55325259704962e-05,0.000137565026361535,0.000185137117146334,0.000227715427479722,0.000259225081361491,0.00026156863727638,0.000241216947176041,0.000194357009749887,0.000147038833345345,0.00010166638569794,5.79799188753193e-05,3.28876341135992e-05,1.70490882002557e-05,6.88191340388031e-06,2.92676209315409e-06,0,0
3.35005442405751e-05,7.73446032187701e-05,0.000187453062246776,0.000355046482178313,0.000679182392965364,0.00124180639835131,0.00186603570977554,0.00260766676339106,0.00355897796836448,0.00429473585607014,0.00487224907767247,0.00526267270034905,0.00526083362299112,0.00497336843669674,0.00433630285691633,0.00367890510100279,0.00302261853087333,0.00234996260855619,0.00192128023530889,0.00157568113872848,0.00127547957568953,0.0010414771268109,0.000788333130517544,0.00054484511094872,0.000399103127362931,0.000310958978346535,0.000361438146770208,0.000539821469609565,0.00087788807441352,0.0015115574416227,0.00222119208584208,0.00300774316958464,0.00392914653778359,0.00450757405934501,0.0048554729223498,0.00491969130459658,0.0047688903381589,0.00454860837749494,0.00432726747826874,0.00422125453985139,0.00415402260328314,0.00401695964039385,0.00385812259592404,0.00358563240327926,0.00329032618986526,0.00319155269515164,0.00339894655699012,0.00408315969630151,0.00495210554855218,0.00590581691962986,0.00682848714753448,0.00717693711878833,0.00709115917132214,0.00646420918018885,0.00569878634445843,0.00490437794849846,0.00406879426283319,0.00354013037918912,0.00316141483273741,0.00286209427706924,0.00269997780766104,0.00273071034663993,0.00287869451452438,0.00314431076183154,0.00382534938984929,0.00500137452769975,0.00649438432207006,0.00841816191068586,0.0111929150223176,0.013595536638606,0.0157339062159179,0.0174446544895157,0.0178127106175444,0.0170903910290289,0.0149126870824965,0.0123766626801518,0.00960450730730116,0.00650516166945388,0.00440299937095741,0.00277025395354438,0.00157189716974721,0.000960229506897199,0.000528247090356831,0.00029748409916066,0.000214183521369672,0.000175614620415863,0.000139497926858032,0.000111553295190377,8.62828660851709e-05,5.63542229180268e-05,5.52225185148863e-05,6.29134287324905e-05,0.000106141891550144,0.000182222623737479,0.000302907929270016,0.000504373588644647,0.0007036754496171,0.000897234487369214,0.00109894046842259,0.00118788411722083,0.00121371979792114,0.00120411968221787,0.00121626412413726,0.00128685778002367,0.00145466872008697,0.00162219658754733,0.00174944129241349,0.00176757607866955,0.00163973042379377,0.00139196781539072,0.00102872321942288,0.000724204433687761,0.000465947850702503,0.00024373308668212,0.000128647192986936,6.20582660975787e-05,2.29765405542991e-05,0,0,0,0,0,0,0,0,0,0,0,0,3.93888120281151e-06,8.61837648654457e-06,1.95836830938599e-05,3.5152534619107e-05,5.76676711410367e-05,9.27489818722467e-05,0.000124822998811904,0.000153530113096051,0.000174774526694318,0.000176354597085868,0.000162633096889843,0.000131039227417157,9.91364044275504e-05,6.85454291218869e-05,3.90911744572964e-05,2.21734743262929e-05,1.14948225886141e-05,4.63991814216918e-06,1.97327919386225e-06,0,0
2.94214428315092e-05,6.79467123808229e-05,0.000166972742427562,0.000317090475549776,0.000622127205104142,0.0011443369031684,0.00173518274074443,0.00244811897999943,0.00337933016121203,0.00411225036181995,0.00469527527865987,0.00508592356784433,0.00507533907470781,0.00476671485766007,0.00409329773551271,0.00340432929300815,0.00272160008679481,0.00202895271916531,0.00159600768587883,0.00126183870062881,0.000990528562666176,0.000795664881689772,0.000589203523705263,0.000408180726499071,0.000297588256652146,0.000228628703947683,0.00027142337477735,0.000409042111146367,0.000673044352713631,0.00117664101565643,0.00175124717889914,0.00240268161019534,0.00320291277869087,0.00373586063418503,0.0041016450658857,0.00427064966653245,0.00425776264578232,0.00419853571499035,0.0041691725920248,0.00419892952371795,0.00422887055882476,0.0041475081312252,0.00397972324196483,0.00365999341532648,0.00325865082659154,0.00304449720677946,0.00310866551093413,0.00359073042748423,0.00427917223311574,0.00505586857288183,0.00581236416627148,0.00608614289342308,0.0059990920069956,0.00545365709980126,0.00480215691608265,0.00414144247099078,0.00345292020961153,0.00302591440943866,0.00273222064531015,0.00253033171471495,0.00246265501075218,0.00259795219480111,0.00287991900527772,0.00324040424039642,0.00393228869179558,0.00502090536714531,0.0063105927824299,0.00792082251603835,0.0101917341666371,0.0121101973194366,0.0137677171420138,0.0149962461497095,0.0151284926690395,0.0143730950763362,0.0124343507578032,0.0102910175716597,0.00800245493584866,0.00548591694873731,0.00379309966366665,0.00246780711186177,0.00148870510440249,0.000967061409693088,0.000580830119311486,0.000351856880728497,0.000257740786620646,0.000203800839549542,0.000155953546005096,0.000122282588346393,9.3221535362989e-05,5.98030808313183e-05,5.88053322834895e-05,6.7224647814533e-05,0.000113731378148932,0.000195409616802476,0.000324906629807626,0.000541053000009596,0.000754848631292371,0.000962483805719666,0.00116713649279656,0.00124815659740705,0.00124881667552996,0.00118087189792167,0.00111962107581521,0.00109789064679723,0.00114363438072543,0.00121817172340456,0.00127922247264385,0.0012723009341929,0.00117324616116951,0.000990563248773478,0.00073206822963375,0.000515364140376006,0.000331581529147163,0.000173447284849513,9.15489424552233e-05,4.41623987273092e-05,1.6350749209423e-05,0,0,0,0,0,0,0,0,0,0,0,0,2.57100461758419e-06,5.62542625737713e-06,1.27827515152476e-05,2.29449237415442e-05,3.76411069933014e-05,6.05395411518303e-05,8.1475040703701e-05,0.00010021288010068,0.000114079631253272,0.000115110982051536,0.00010615462146392,8.55325259704962e-05,6.47087689194577e-05,4.47412871098702e-05,2.55157708145044e-05,1.44731719352419e-05,7.50295335958422e-06,3.02858866629811e-06,1.28800785247887e-06,0,0
2.54298519234769e-05,5.87284194193532e-05,0.000146045136972736,0.000277914986122948,0.0005604623467796,0.00103841815960517,0.00158969816393355,0.0022660482156787,0.00316750589777249,0.00389236671348957,0.00448125603473419,0.00488338564290505,0.00488099537621356,0.00457228281959085,0.00388738134906414,0.00318300633717377,0.00248399184652307,0.0017759469355865,0.00133764434447082,0.00101064479250213,0.000759879300789261,0.00059554501055148,0.000426540903784172,0.000296123938895789,0.000214625599385791,0.0001622809156692,0.000199789906333617,0.000305843894838067,0.000511596095770978,0.000911983718329958,0.00137831631690689,0.001920102499963,0.00262069407398873,0.00311422371478334,0.00349145984172835,0.00374447727625649,0.00384572484541356,0.00392201133419826,0.0040554709001485,0.00419959243231592,0.00430903085191542,0.00426816283333297,0.00408474368958233,0.00371748414936715,0.00322006274587614,0.00290545973202768,0.00284691391860183,0.00315684348748393,0.00369140475662342,0.00431798997873358,0.00493820731360285,0.00515894294287379,0.005089666268501,0.00464677392008292,0.00412446032096367,0.00361223154464494,0.00308463261814112,0.00276748213285136,0.00256394826640029,0.00246232138674401,0.00248872322018138,0.00272221424567262,0.00312398537668854,0.00355571633502652,0.00422266156005965,0.00516397754809691,0.00619513257479757,0.007438764099144,0.009162197541362,0.0105863718656629,0.0117818291976848,0.0125807494826953,0.0125335497413213,0.0117995289309402,0.010145631122166,0.00841241423855604,0.00660496371283951,0.00464861985132853,0.00333714586547902,0.00229003019229106,0.00149377408610368,0.00103609335042967,0.000673787836183006,0.000427698058825289,0.000310915166488274,0.000235578404103063,0.000172021318381014,0.000131197254399492,9.81394324079515e-05,6.14397597521588e-05,6.06257493549275e-05,6.95431359108844e-05,0.000117979728483019,0.000202870980208441,0.000337392779893018,0.000561896259262051,0.000783928048129739,0.000999562057736655,0.00120402299059675,0.00127824919909304,0.00126029579727903,0.00115001851465115,0.00103523465111146,0.000945524407516477,0.000900525675050779,0.000905476075312958,0.00091689983211135,0.000891540746048032,0.000814910523902235,0.000682439391531992,0.000504351638130889,0.000355055359474615,0.000228440028715606,0.000119494903210008,6.30717974464517e-05,3.04252762793041e-05,1.12646974894205e-05,0,0,0,0,0,0,0,0,0,0,0,0,1.62465701255845e-06,3.55479261109453e-06,8.0776155542471e-06,1.44992471053382e-05,2.37859893439602e-05,3.8255858973062e-05,5.14853202994756e-05,6.33260466709049e-05,7.20886581214559e-05,7.27403844137176e-05,6.70807236195861e-05,5.40493070955186e-05,4.08904575588841e-05,2.82727014011523e-05,1.6123804563047e-05,9.14581798793094e-06,4.74123060969116e-06,1.91381134876361e-06,8.13911797531659e-07,0,0
2.12790656590537e-05,4.91424761983436e-05,0.000124937505797385,0.000238635421714594,0.000496853035051877,0.000930624039621394,0.00144192178675278,0.00208162156726292,0.0029542505124188,0.00367323061837169,0.00427193590650129,0.00469395441681125,0.00470860003470717,0.0044096612630875,0.00372461723733402,0.0030124949478736,0.00230252587440213,0.00158223969752902,0.00113857959472637,0.000816425801401887,0.000580009919096712,0.000438509344755718,0.000299072124000859,0.000208029565439893,0.000150188359796716,0.000112191342858235,0.000147062761617629,0.000230858594970181,0.000393938081444999,0.000716629362141663,0.00109910093738795,0.00155304543307157,0.00216915581357575,0.00262332668444374,0.00299976354404772,0.003309898052138,0.00349973978188703,0.00368605611384067,0.00395807942150075,0.00420446621460284,0.00439041222494246,0.00439877024383126,0.00421430378410783,0.00381895115254802,0.00325019434292098,0.0028508925130345,0.00267998548319005,0.00282452872106787,0.00320915975302557,0.00368966747463397,0.00417975243179143,0.00435200339051437,0.00430185354052157,0.00395703806108593,0.00355450585476157,0.00317934798625378,0.00280016210401567,0.00258754048401627,0.00247647823557342,0.00248899015324982,0.00262839496717629,0.00297889477353119,0.00351875173405253,0.00402552399713871,0.00465958547577014,0.00542593362695307,0.00616961001894748,0.00702022662394732,0.00818391397919568,0.00912842054785736,0.00990086334008041,0.0103377481107573,0.0101693653004618,0.00950269621926981,0.00815810352343905,0.0068291566338258,0.00547655740572363,0.00403331456097887,0.00306018066820087,0.00225142107446951,0.00159491318258305,0.00117204127406435,0.000809484494843026,0.000525734535379165,0.00037447631950803,0.000271248866130943,0.000187676637038946,0.000138171908822165,0.000100876274319765,6.11088792309437e-05,6.05114397009692e-05,6.96499042442099e-05,0.000118486277170871,0.000203903304412237,0.000339189399762872,0.000564938706275861,0.000788172709861793,0.00100497429273119,0.00120515600073088,0.00127317099000956,0.00124268865786989,0.00110532526053709,0.000955788386466219,0.00082080978515414,0.000713868928836838,0.000670518072827874,0.000647334976202517,0.000609719007955303,0.000550175660435593,0.000455171248968206,0.000336390847151788,0.000236813691340588,0.000152364201825153,7.97003294568533e-05,4.2067426315946e-05,2.02929537422582e-05,7.51329200677918e-06,0,0,0,0,0,0,0,0,0,0,0,0,9.93915311462346e-07,2.17471304892604e-06,4.94163735324643e-06,8.87019450337877e-06,1.45515384628863e-05,2.34037607276832e-05,3.14971392519386e-05,3.87409323408359e-05,4.41016291659355e-05,4.45003353148361e-05,4.10379284945116e-05,3.30657077037875e-05,2.50155273059605e-05,1.72963712351546e-05,9.86404891023871e-06,5.59513082686754e-06,2.90053941337755e-06,1.17081106232453e-06,4.97926264739803e-07,0,0
1.72381294110636e-05,3.98102237128409e-05,0.00010539498384426,0.000202637630622692,0.000437045144492675,0.000830502483696068,0.00130524634033196,0.0019117022657795,0.00275848027401921,0.00347244811473493,0.00408035784840943,0.00452158698208779,0.00455334354753997,0.00426615779912508,0.00358612984739392,0.00287218269228765,0.00215754033165315,0.00143144290811862,0.000985709178440113,0.000668957083908153,0.000443742851044841,0.000319223143983593,0.000203092047440243,0.000141513249856331,0.000101787794135822,7.51663590341033e-05,0.0001076701471137,0.000174576586433473,0.000304652315350122,0.000565803999582466,0.000880095789189102,0.00126011924671941,0.00180046644196008,0.00221416930186066,0.00258028477031279,0.00292713429589826,0.00318348686861146,0.00345633002894572,0.00383922141130257,0.00416713933693328,0.00441291463427238,0.00445808145325684,0.00426844200309333,0.00384751603880654,0.0032190969636779,0.00274820400165793,0.0024799274480113,0.00247755503668467,0.00272763596647873,0.00307929043181802,0.0034606469597935,0.00360441970378582,0.00359452496660537,0.00337297123722277,0.00310845525246018,0.00288461316228461,0.00266070592938984,0.00255004667382202,0.00252285022016083,0.0026355589450212,0.00287771363362466,0.0033381384885564,0.00401230685290195,0.00459219525628817,0.00519267220919872,0.00577645873922548,0.00622666615787176,0.0066815476821009,0.0072994846258817,0.00779368679497097,0.00818857606421722,0.00832669659927572,0.0080846385600803,0.0075156686852416,0.0064857965584997,0.00554229975157635,0.00460987079488931,0.00362861467076124,0.00295122464192907,0.00234271402806436,0.00178647365827974,0.00137162994551829,0.000985939791521763,0.000645381888425683,0.000448513233689364,0.000310913528307316,0.000203008524985199,0.000143295317154321,0.000101491739651482,5.88420760774394e-05,5.84733329247337e-05,6.75347442672123e-05,0.000115202591066844,0.000198407884768656,0.000330124707407067,0.000549889440525824,0.000767176767406676,0.000978203025272877,0.00116957413645991,0.001231507109515,0.00119380946464627,0.00104300095923178,0.00087540840463512,0.000715108746663645,0.000571177149782563,0.000497775045104828,0.000452823478298447,0.000408383785940813,0.00036172773884466,0.000293910035702734,0.000217211974878846,0.000152913701457603,9.83835602528962e-05,5.14635463669624e-05,2.7163488024494e-05,1.31034259576392e-05,4.85143103164626e-06,0,0,0,0,0,0,0,0,0,0,0,0,5.88661904840586e-07,1.28800785247887e-06,2.92676209315409e-06,5.25351157432416e-06,8.61837648654457e-06,1.38612437211792e-05,1.86546738693418e-05,2.29449237415442e-05,2.61198803680732e-05,2.63560203272597e-05,2.43053556773847e-05,1.95836830938599e-05,1.48158377124229e-05,1.02440466714772e-05,5.84213740746039e-06,3.31380383458446e-06,1.71788988101197e-06,6.93431182926794e-07,2.94904626271063e-07,0,0
1.35193738478048e-05,3.1222024414854e-05,8.88630239399302e-05,0.000172745640873554,0.000386061334475034,0.0007466454202618,0.00119210499793243,0.00177261380465071,0.00259991484106129,0.0033103194137333,0.0039246641313777,0.00437825309922562,0.00442027608902626,0.00413975689231292,0.00346310530482331,0.00274986938262893,0.00203553680893629,0.00131051509563645,0.000867282412962106,0.000557957647934056,0.000342862207226617,0.000231039641213388,0.000133565737961184,9.32138780042816e-05,6.6811133907206e-05,4.88024899840264e-05,7.86517762630579e-05,0.000132421911286439,0.000236515299201405,0.000447966160497597,0.000705634923625173,0.00102197531415274,0.00149220201764222,0.00186376045508642,0.0022111948999812,0.00257677842844398,0.0028806858335222,0.00321903973345439,0.00368859881209784,0.00408194379290306,0.00437823775973135,0.00446069976516365,0.00427661281450893,0.0038483391247354,0.00318795695824088,0.00266995384087725,0.0023287767252419,0.00220859466544489,0.00234804996930321,0.00259317791575913,0.00288651206220534,0.00301126524828081,0.00304105979248591,0.00293291006872439,0.00279301986867439,0.00270867353365448,0.00263357636373404,0.00262960756302329,0.0027008085973995,0.00294072415974808,0.0033103857933059,0.00390052409684704,0.00472081846212956,0.00536869549719299,0.00592268884377021,0.00629826949911186,0.00643363464159867,0.00648095005162672,0.00655652920059134,0.00661733321274943,0.00665977196769224,0.00652718774490113,0.0062225561867042,0.00574760950890584,0.00500788807981846,0.00442050375674893,0.00387775585048202,0.00332754693471846,0.00292667969100115,0.00250349428428557,0.0020322022172756,0.00161306963026062,0.00119087713746046,0.000781128664097147,0.00053201526915789,0.000354229596402218,0.000218103951486168,0.000146811001842254,0.000100236752561924,5.48530163846298e-05,5.47038950591373e-05,6.33978371798644e-05,0.000108440105409621,0.000186906283668959,0.000311059202354187,0.000518177185537787,0.00072293350053173,0.000921789823852135,0.00109995032189712,0.00115564219878853,0.00111510048671616,0.000962296780137655,0.000790592049656202,0.000621460281191626,0.00046092448782773,0.000372247739528583,0.000315894416529157,0.000269125471487441,0.000232224740392552,0.000183731181547189,0.000135785131308184,9.55905264561138e-05,6.15022475393328e-05,3.21712668232057e-05,1.69806374176722e-05,8.19130904379246e-06,3.03276189092299e-06,0,0,0,0,0,0,0,0,0,0,0,0,0,0,0,0,0,0,0,0,0,0,0,0,0,0,0,0,0,0,0,0,0
1.02648327438556e-05,2.37058951213994e-05,7.63803415701992e-05,0.000151008503768729,0.000347817436895378,0.0006844089392533,0.00110945922826971,0.00167176786516507,0.00248305840667608,0.0031845211364664,0.00379113965317984,0.00423178863838249,0.00426101386613991,0.00396867737308224,0.00328549155904976,0.00257649296457574,0.00187461867193543,0.0011708539373118,0.00074651800315915,0.000456969478673939,0.000260467107595592,0.000162522205051366,8.28717811907575e-05,5.86562778404783e-05,4.24702968458e-05,3.07041235279557e-05,5.74193291345751e-05,0.000100639784825976,0.000183794292246147,0.000354205512003151,0.000563866279768663,0.000824336078361421,0.00122844628838608,0.00155640778565892,0.00187825409970788,0.00224682341068863,0.00258098048039441,0.00296462766250488,0.00349685649460848,0.00393979679462355,0.00427819450958781,0.00440102681757931,0.00423593769886587,0.00382020271655615,0.0031546863379696,0.00260933193806174,0.00221073609839737,0.00198610586118943,0.00202331479613481,0.00216919245023471,0.0023814189899412,0.00249084058522176,0.00255981788295277,0.00255968433528328,0.00253691994388811,0.00258325290684597,0.00264695662340787,0.00274301592323234,0.00290821834010408,0.00327320319365594,0.00377059067342377,0.00449289088872018,0.00546335622786482,0.00618297308917096,0.00669972299072201,0.00688048472931798,0.00672470598110026,0.00639731470075861,0.00598933194946321,0.00568199561716922,0.00544821535132698,0.0051365215921376,0.00483088217901932,0.00448468976727378,0.00403077559839918,0.00375865885155524,0.0035396379407923,0.00332631083967598,0.00312551919345394,0.00282147102107447,0.00237513108160315,0.00191635308517516,0.00143171752910256,0.000934158320286271,0.000621915468542393,0.00039987945714906,0.000232793691541271,0.00014902155586157,9.74898851311636e-05,4.95041833709398e-05,4.95471560160582e-05,5.76185114701694e-05,9.8821414604324e-05,0.000170458701132227,0.000283750961083953,0.000472726615174931,0.000659523260076079,0.000840937415799327,0.00100215520868721,0.00105134669772457,0.00101132405448402,0.000865452134966816,0.000700470062382701,0.000535233313206149,0.000373706192817213,0.000281001443002668,0.000221121793505637,0.000175494377248271,0.00014610580899615,0.000111193699328882,8.21768571718302e-05,5.78511723918823e-05,3.72210223836318e-05,1.94699785852626e-05,1.02766437113912e-05,4.95736187649496e-06,1.83542069993585e-06,0,0,0,0,0,0,0,0,0,0,0,0,0,0,0,0,0,0,0,0,0,0,0,0,0,0,0,0,0,0,0,0,0
7.54529172771027e-06,1.7425310165383e-05,6.85296515972216e-05,0.000138592321310919,0.000324873959781783,0.000652447829267692,0.0010733549615603,0.00163716642035186,0.00245809495752548,0.00317074104740945,0.00378594594241587,0.00422609321126357,0.00424546904227926,0.00393763658237469,0.00323576845884166,0.00251605289198629,0.00180933716654127,0.00110590933116223,0.000684852242336727,0.000401676800155721,0.000211533245976551,0.000118846392417874,5.12489232696202e-05,3.62737597664119e-05,2.46331872368785e-05,1.52884036312551e-05,3.37462274743514e-05,6.1240996695512e-05,0.000116550759673816,0.000234988419044686,0.000386319731060213,0.000580816993619551,0.000907902576779548,0.00118746657041588,0.00148271553204824,0.00185525349925212,0.00222057666205306,0.00264733068070635,0.00323638861126741,0.00372442485718577,0.00410534596078775,0.00427948562219431,0.00415260694977527,0.00377415029946105,0.00313361769171503,0.00258149038754683,0.00213832264337199,0.00181487701216345,0.00174723870338184,0.00178685501098134,0.00190550139212742,0.00198786883599465,0.00208306310327167,0.00217693869904266,0.00226264395297814,0.0024338564086382,0.00263468946965932,0.00283225845261552,0.00309407705012464,0.00358634021924637,0.00421136831116852,0.0050653578775579,0.00618387960431349,0.00697575647605296,0.00746557945326295,0.00747315118075379,0.00705613693951748,0.00639437220059086,0.00556129352567739,0.00493750359731838,0.00447550991567896,0.00402708118919803,0.00373615383645445,0.00351359678720947,0.00331454261335841,0.00331740973722138,0.00337719036701413,0.00345008629999707,0.0034146218778119,0.00320214012360363,0.0027581446139382,0.00224630408102694,0.00168812289481997,0.00109476458473224,0.000715585868339837,0.000446728771305404,0.0002470202795241,0.000150182003751135,9.36745864399207e-05,4.32525927063123e-05,4.34469538203733e-05,5.06979033630906e-05,8.71857712431472e-05,0.00015050285212755,0.000250588355800241,0.000417513651013239,0.000582493042285385,0.000742718601985401,0.000882816390580221,0.000923450539730966,0.000882816390580221,0.000742718601985401,0.000582493042285385,0.000417513651013239,0.000248617915188453,0.000146191475835051,7.85642876663145e-05,3.31127114635864e-05,1.45984774757566e-05,0,0,0,0,0,0,0,0,0,0,0,0,0,0,0,0,0,0,0,0,0,0,0,0,0,0,0,0,0,0,0,0,0,0,0,0,0,0,0,0,0
5.36944073282785e-06,1.24003383249649e-05,6.54359989328271e-05,0.000135759453345838,0.000318301095564788,0.000650385097546992,0.00108202122878814,0.00166378621155242,0.00251196217031229,0.0032445245454638,0.00386872845578055,0.00429760501168498,0.00429102747890649,0.00394945827712208,0.00320992401048007,0.00246914123475584,0.00175275439698679,0.00104937886698525,0.000633606125152519,0.000358559443574241,0.000175985780035255,8.73514942974961e-05,3.06825659347698e-05,2.17169835916278e-05,1.47478101657423e-05,9.15311820280578e-06,2.59480840023095e-05,4.90766718298973e-05,9.45565606411053e-05,0.000191138517472013,0.000313888844908666,0.000471303340839034,0.000744650146788357,0.000980857861651162,0.00123839421480463,0.00158133144515495,0.0019396783731278,0.00236755870903831,0.00296800515837278,0.0034739202572863,0.00388381056143759,0.00411275443731977,0.00404146378355042,0.00372556374889263,0.00314500952290071,0.00261294420188041,0.00214996934265833,0.00175410835782435,0.00160240475612771,0.00155574177577056,0.0015997768141191,0.00166310525698796,0.00178108578480613,0.00195028401276619,0.00211935836885156,0.00238404150688031,0.00268439962076694,0.00295455659061362,0.00328748052401492,0.00387996096138548,0.00461126660664558,0.00557813252270045,0.00682644687484332,0.00768270406171463,0.00815229011076975,0.0080139694694264,0.00737558636402251,0.00643192277515388,0.00524453163089371,0.00436184919326356,0.00371994028945164,0.00317210738602123,0.00290483543596448,0.00279374447358358,0.00281206645446348,0.00304545298756336,0.0033370038335936,0.00364574970267204,0.00374361576542804,0.0036000617659472,0.00314457313580498,0.00257461152837793,0.00194016978800107,0.00125133427547505,0.000806448901741001,0.000491615726575874,0.000259931755553831,0.000150411931225993,8.91776356685298e-05,3.6585689934188e-05,3.68841766959532e-05,4.31875232862861e-05,7.44686590423983e-05,0.000128647263858126,0.00021424647536349,0.000356993380929515,0.000498058350975414,0.00063505857630893,0.000754848631292371,0.000789592698345783,0.000754848631292371,0.00063505857630893,0.000498058350975414,0.000356993380929515,0.00021257975610469,0.000125000437937239,6.71760806053913e-05,2.83128917783682e-05,1.24823699005915e-05,0,0,0,0,0,0,0,0,0,0,0,0,0,0,0,0,0,0,0,0,0,0,0,0,0,0,0,0,0,0,0,0,0,0,0,0,0,0,0,0,0
3.69922654723494e-06,8.54309843592342e-06,6.67989221165614e-05,0.000141911530208405,0.000327635539578905,0.00067776097859135,0.00113539480492266,0.0017526338749827,0.0026482033375983,0.00341262331055953,0.00405009851703041,0.00446068368765028,0.0044138230103768,0.00401964406087121,0.0032189380940609,0.00244012713711329,0.00170098656484093,0.000987169637751963,0.000571590685380456,0.000301878861165714,0.000126697633006875,4.2996585479455e-05,0,0,0,0,1.69360071453483e-05,3.70564325862979e-05,7.41019580022821e-05,0.000151447140321287,0.000248650643710506,0.000373228624542236,0.000597533677321639,0.000794064839030391,0.00101553539576645,0.0013251229653721,0.00166891102041464,0.00208528146621374,0.00267980038374357,0.00319222382444936,0.00362707197129939,0.0039191155737422,0.00392121153315659,0.00369064703742384,0.00319702032515483,0.0027020290758152,0.00222942712123499,0.00176578967753399,0.00152911138236575,0.00139342241558906,0.00135681502506077,0.00139329973267378,0.00152149752417196,0.00174632566146475,0.00198040380320575,0.00231826118117261,0.00269772398870609,0.00302573493837836,0.00341590065687096,0.0040898843758003,0.00490786887724929,0.00596683624186366,0.00732085902288919,0.00823004099296683,0.00868591534454795,0.00843425073027014,0.00762296940690297,0.00645988440709955,0.00499882301175931,0.00391928465028711,0.00314578403728838,0.00253226995642119,0.00229346747633406,0.00227819377598288,0.00247457904239003,0.00289340281803378,0.00337022806659982,0.00386626238790479,0.00406813761463832,0.00397494868872114,0.0035011284773092,0.00287496880603048,0.00216892244763289,0.00139250191350474,0.000887887201550285,0.000531244274550762,0.000270544694416876,0.000149651664033499,8.42881090134879e-05,2.99598208367062e-05,3.03152431308397e-05,3.56177839431104e-05,6.157930558446e-05,0.000106460041601357,0.000177335520960003,0.000295514303712786,0.000412285982484078,0.0005256929204293,0.000624853511580813,0.000653614181475324,0.000624853511580813,0.0005256929204293,0.000412285982484078,0.000295514303712786,0.00017597065369992,0.000103473675855379,5.56074530977808e-05,2.34370297796415e-05,1.03327373752822e-05,0,0,0,0,0,0,0,0,0,0,0,0,0,0,0,0,0,0,0,0,0,0,0,0,0,0,0,0,0,0,0,0,0,0,0,0,0,0,0,0,0
2.46729832511776e-06,5.69804854964222e-06,7.19470463760461e-05,0.000155678528601616,0.000350922393876481,0.000731199090287078,0.00122876184620157,0.00189789910909739,0.00286071371857696,0.00367005063215865,0.00432755222667874,0.00471850041446699,0.00462232113537756,0.00416244260852241,0.0032845678891811,0.00245775347807605,0.00169052722626532,0.000965326797854948,0.000551505244220591,0.000288092113065992,0.000119022133581496,3.55919932938396e-05,0,0,0,0,1.29986038525362e-05,2.84412898060095e-05,5.6874208218169e-05,0.000116186685828682,0.000190724916438337,0.000286209444423231,0.000465294388901461,0.000624603762827233,0.000810397004024569,0.00108222885776181,0.00140485421103186,0.00179979595964646,0.00237639974464239,0.00288918068046244,0.00334967272918487,0.00371661721015476,0.00381086925681499,0.00368742411151288,0.00330533080630444,0.00286251824788951,0.00238953241708819,0.00186277644555744,0.00154092706200726,0.0013142589816105,0.00119096404154501,0.00119119231948685,0.00131460589526128,0.00157105991913476,0.00184819534710889,0.00223561600145781,0.00267180157691801,0.00304237882962237,0.00347532496689583,0.00420932573490302,0.00508898216976683,0.00621063229825943,0.00763379803547754,0.00857470517687398,0.00901607307030433,0.00868090028433086,0.00774719411646509,0.00643126620737377,0.00478155456120407,0.00356878397099795,0.00271055855940072,0.00206198448565968,0.00185363465207224,0.00191662208253132,0.00225152760713346,0.00281106939814924,0.00342771980192705,0.00406444631583442,0.0043436115285549,0.00428627105894654,0.00379411548964419,0.00312062299833262,0.00235501162944529,0.00150653111448429,0.000952973021150898,0.000562060535324305,0.000277671826690114,0.000147675522188883,7.91696326878297e-05,2.37517729577703e-05,2.41224967778929e-05,2.84390935203771e-05,4.92980039954219e-05,8.52909494940558e-05,0.000142104237925369,0.000236823998003235,0.000330404361027032,0.000421288234017477,0.000500755140850147,0.000523803828321767,0.000500755140850147,0.000421288234017477,0.000330404361027032,0.000236823998003236,0.000141022188154254,8.29233959110772e-05,4.45635936939051e-05,1.87823432707005e-05,8.28061499828479e-06,0,0,0,0,0,0,0,0,0,0,0,0,0,0,0,0,0,0,0,0,0,0,0,0,0,0,0,0,0,0,0,0,0,0,0,0,0,0,0,0,0
1.59316683658838e-06,3.67930456165135e-06,7.99092171174814e-05,0.00017504709524343,0.000384854106357332,0.000804559149611892,0.00135284078736468,0.00208683679759328,0.00313315742743727,0.00399893653154587,0.00468368649343823,0.0050558415180421,0.00490434380810781,0.00436802652391125,0.00339696353375146,0.0025088893019542,0.00170222849234589,0.000955614697976501,0.000538135763095122,0.000277525194925749,0.000112655375868513,2.85232831130358e-05,0,0,0,0,9.65853476169186e-06,2.11331300942061e-05,4.22600398743367e-05,8.61975673035977e-05,0.000141406957372553,0.000212011804714089,0.000350550547991825,0.000475544500328452,0.000626363365518495,0.000856609451957549,0.00115244256823203,0.00151789668357702,0.0020679569390145,0.00257811003134133,0.00306749350995294,0.00352218686870163,0.00372576251925693,0.00372803611888696,0.00347683611784025,0.00309681251919548,0.00262883110246571,0.00204020246468775,0.0016312007721117,0.00131062890479169,0.0010944404523851,0.00104931702730885,0.00115333921613559,0.00141747713744391,0.00171487379575685,0.00212600153584969,0.00259264680727212,0.00298630690367844,0.00344272065507766,0.00420884740641278,0.00511964716341847,0.00626911132104474,0.00771946263085732,0.00866832627836516,0.00909341873134227,0.00870639846665051,0.0077035968138126,0.00630429054818742,0.00455281882753615,0.00327025079444516,0.00237219978645029,0.00171628206240317,0.00153857845821693,0.00166166267390077,0.0020965644868804,0.00275331990647527,0.00346583984871906,0.00419871438804361,0.00453080635046512,0.00449839514306664,0.00399379753807104,0.00328788365324895,0.0024812108417516,0.00158290254312542,0.000995425319974762,0.000580766286238839,0.000280121130525885,0.000144158782459407,7.3868900022386e-05,1.82297919942858e-05,1.85833384665414e-05,2.19839041799091e-05,3.82082494630223e-05,6.61529921938614e-05,0.000110242122547903,0.00018373917794003,0.000256343217726096,0.000326855193928111,0.000388509351690757,0.000406391605703605,0.000388509351690757,0.000326855193928111,0.000256343217726096,0.00018373917794003,0.000109411635396903,6.43358642923038e-05,3.45745285123502e-05,1.45722238516504e-05,6.42448993957929e-06,0,0,0,0,0,0,0,0,0,0,0,0,0,0,0,0,0,0,0,0,0,0,0,0,0,0,0,0,0,0,0,0,0,0,0,0,0,0,0,0,0
9.95932053113824e-07,2.30003365746887e-06,8.95013707058249e-05,0.000197530331340549,0.00042502823273771,0.000889369721755543,0.00149437494478793,0.00230048864621797,0.00343972944414545,0.00436917961697234,0.00508660399551751,0.0054427165839896,0.00523448352298574,0.00461713328211217,0.00354437493423187,0.00258689456321152,0.00173299350615855,0.000957256240600546,0.00053149821496238,0.000270467155834065,0.000107822173679158,2.21297023761433e-05,0,0,0,0,6.94791737040476e-06,1.52022273870077e-05,3.03999801586332e-05,6.20066697415285e-05,0.000101721832520769,0.000152511797808745,0.000257392253472524,0.000353718569895245,0.000474136452256603,0.00066524457588027,0.000934624254374492,0.00126867404097685,0.00178946249386458,0.00229630761422284,0.00281683399655622,0.00336638558484774,0.00368863379890017,0.00382613202726752,0.0037148661408891,0.00340142990302451,0.00293912817568389,0.00228658657553226,0.00178685592403067,0.00136871341394607,0.00105303792717422,0.000953552263754662,0.00102457496648613,0.00127448472867058,0.00157148711523323,0.00198257309519906,0.00245543906850368,0.00285367945983385,0.00331441136954808,0.00408383675459166,0.00499362823218687,0.00613355532115523,0.00756591565983917,0.00849635756169999,0.00889760671708975,0.00848299112429599,0.00745459215459863,0.00602641283159879,0.0042339616123602,0.00291736288370681,0.00199419642928778,0.00132705193137747,0.00116405202917793,0.0013263240959601,0.00183757473492853,0.00257157490435769,0.00336419334939482,0.00418153045760815,0.00456506820017782,0.00456461483440854,0.00406895378921152,0.00335492479960753,0.00253373510797547,0.00161388667896345,0.00101057792496784,0.000584859953777503,0.000276930281430891,0.000138779574648767,6.8353474691258e-05,1.35455377879577e-05,1.38600735140073e-05,1.64525824059425e-05,2.86693709396187e-05,4.96736700550449e-05,8.27975221977412e-05,0.000138008770956607,0.000192542563965248,0.000245504982119409,0.000291814183197714,0.000305245765541315,0.000291814183197714,0.000245504982119409,0.000192542563965248,0.000138008770956607,8.21804336928477e-05,4.83234640480967e-05,2.59693563446277e-05,1.09453777164891e-05,4.82551391883231e-06,0,0,0,0,0,0,0,0,0,0,0,0,0,0,0,0,0,0,0,0,0,0,0,0,0,0,0,0,0,0,0,0,0,0,0,0,0,0,0,0,0
6.02735846650461e-07,1.39197521510096e-06,9.94300999809885e-05,0.000220382743895787,0.000466338353337609,0.000975578174153934,0.0016373061559832,0.00251536643154735,0.00374746516655315,0.0047411719565442,0.0054928495303723,0.00583611583849008,0.00557426506139409,0.00487846941238246,0.00370532662083653,0.00267771724664926,0.0017745401398024,0.000966457729929881,0.000529860428344667,0.00026627252182378,0.000104356686507498,1.66218933860901e-05,0,0,0,0,4.83867999746674e-06,1.0587160101786e-05,2.11712039845971e-05,4.31827865233207e-05,7.08412852490838e-05,0.000106212516081186,0.000183483776006655,0.000255761260073643,0.000349308869109943,0.00050308138803423,0.00074636269385586,0.00104838203903024,0.00153985584738011,0.00204503759145936,0.00260021729511986,0.00325058522141124,0.00369732066957383,0.00397457476025267,0.0040061846741917,0.00375943013696145,0.00330172130955972,0.00258349595331164,0.00199114461025116,0.00147373131819292,0.00105455555611847,0.000893843286129462,0.000920845761361527,0.00113800254568397,0.0014168330573787,0.0018070451960128,0.00226452599467383,0.0026504449893089,0.00309748853309892,0.00384252283259949,0.00472024176756391,0.00581427346157669,0.00718460065666864,0.00807044880638737,0.00844620867559488,0.00803561973946767,0.00703800326690192,0.00565851524064317,0.00393117477989286,0.00266826662281606,0.00179361042469467,0.00117691602309911,0.00104860204054839,0.00123808030726122,0.00177402283222735,0.0025166100572615,0.00331340444841425,0.00413266848823112,0.00451804802056152,0.00452225202682309,0.00403229982060622,0.00332451227499235,0.00250951327799,0.00159578025734145,0.000996156955987779,0.000573087841577896,0.000267580588157928,0.000131327313460158,6.25647838169944e-05,9.74405327624866e-06,1.00080089593375e-05,1.19207468725921e-05,2.08263118496812e-05,3.61104750777849e-05,6.02027524767181e-05,0.000100355335304941,0.00014001047493772,0.000178522963641011,0.000212197456716372,0.000221964451527099,0.000212197456716372,0.000178522963641011,0.00014001047493772,0.000100355335304942,5.97588466413079e-05,3.51391973425213e-05,1.88840422645171e-05,7.95911044757342e-06,3.50895138031005e-06,0,0,0,0,0,0,0,0,0,0,0,0,0,0,0,0,0,0,0,0,0,0,0,0,0,0,0,0,0,0,0,0,0,0,0,0,0,0,0,0,0
0,0,0.00010643393877246,0.000237110078481722,0.00049700043712359,0.00104146139183862,0.00174867253266666,0.00268549609358661,0.00399504886880915,0.00504388883893495,0.00582684392151876,0.00616327732386483,0.00585954562127441,0.00510017659656133,0.00384401126698564,0.00275749087707472,0.00181231924048056,0.000976090156874234,0.000529666487743182,0.000263565848823997,0.000101779885599822,1.20868816713726e-05,0,0,0,0,3.26233095169989e-06,7.13806660261502e-06,1.42740321905691e-05,2.91146637366871e-05,4.77625545907731e-05,7.16105175070439e-05,0.000127025942121184,0.000179830122038712,0.000250513045606055,0.000370432319501419,0.000589733735370564,0.000861583007022828,0.0013262735569903,0.001832106922804,0.00242380795939495,0.00317541286329877,0.00374530310904681,0.0041589682069764,0.00432829054520362,0.00414428155577509,0.0036890083667888,0.00290529885595995,0.00222178198389092,0.00160711383259091,0.00108479934046543,0.000859449127311393,0.000835170558175045,0.00100585881582451,0.00125281508768686,0.00160570162790906,0.00203029918081491,0.00238984119352039,0.00280777345330948,0.00350423938397822,0.0043226681368106,0.0053388590712402,0.00660849171198997,0.00742653562572884,0.00777003382128622,0.00738244290341612,0.00645168672042808,0.00516807151801492,0.00356290224661217,0.00239284346793969,0.00159046602678355,0.00103525126080306,0.000936649086609876,0.00113806261328058,0.00167190483003123,0.0023937277690119,0.00316548450951402,0.00395796530703073,0.00433171646777315,0.00433925397234189,0.00387035039862986,0.00319111764568333,0.0024081143241277,0.00152953960151378,0.000952696496592523,0.000545702835961568,0.000252137907349855,0.000121788242044,5.64698054744786e-05,6.78596954576159e-06,6.99632909102233e-06,8.36205377946459e-06,1.46466975277504e-05,2.54138428842418e-05,4.23784028137518e-05,7.06485256674123e-05,9.85650997257649e-05,0.00012567726609343,0.000149383562137807,0.000156259367808552,0.000149383562137807,0.00012567726609343,9.85650997257649e-05,7.06485256674124e-05,4.20692571846303e-05,2.47374240526617e-05,1.3294058961343e-05,5.60308445023424e-06,2.47024476480754e-06,0,0,0,0,0,0,0,0,0,0,0,0,0,0,0,0,0,0,0,0,0,0,0,0,0,0,0,0,0,0,0,0,0,0,0,0,0,0,0,0,0
0,0,0.00011417410263377,0.000254353364615671,0.000527893514935993,0.00110419271391911,0.0018507511043936,0.00283656037283451,0.00420801942966832,0.00529851972444683,0.00610231488798644,0.00642746569276321,0.00608611971294356,0.00527331519286906,0.00394983650092168,0.0028167839468973,0.00183916911141207,0.000981822224706004,0.000528409638907879,0.000260573834482199,9.94297698933415e-05,8.50896833142158e-06,0,0,0,0,2.12940363241252e-06,4.65919159553411e-06,9.31701180713539e-06,1.90038569462323e-05,3.1175793855586e-05,4.67419456689345e-05,8.54319484370183e-05,0.000122991272405815,0.000174725091719686,0.000265043743704066,0.000462929469775901,0.000707125577078871,0.00114711140073855,0.00165350735088753,0.00227873101354297,0.00312309115859781,0.00380589850415073,0.00434434415386443,0.00463953561841524,0.00451283690865525,0.00406003153442673,0.00321714118535427,0.0024504142441547,0.00174677848415518,0.00112829925708082,0.000839679855755957,0.0007615515540067,0.000877815096669667,0.00108391525444196,0.00138825900573418,0.00176746332272385,0.00209025035777426,0.00246729475281589,0.0030963822855063,0.00383433289134924,0.0047478777447822,0.0058869225481414,0.00661915269142664,0.00692484097590828,0.00657404492155647,0.00573691971036574,0.00458430326139784,0.00314394191194004,0.00209607202382618,0.00138347216473107,0.000897647223524454,0.000824338090029003,0.00102494780506138,0.00153404952376816,0.00221018944694703,0.00293174861806875,0.00367242186365105,0.00402266197791597,0.00403231884550652,0.00359779624863379,0.00296670763597768,0.00223843694319917,0.00142067039826338,0.000883498745876295,0.000504470587162357,0.000231286176316578,0.000110386161670171,5.00974979016808e-05,4.57523095100753e-06,4.73514413050705e-06,5.67887754842234e-06,9.97241087505215e-06,1.73156042081695e-05,2.88803230797536e-05,4.81498123381452e-05,6.71760806053914e-05,8.5654112671187e-05,0.000101810907098049,0.000106497045267138,0.000101810907098049,8.5654112671187e-05,6.71760806053913e-05,4.81498123381452e-05,2.86718911613391e-05,1.68595496454102e-05,9.06043598438688e-06,3.81872745743655e-06,1.68357118186307e-06,0,0,0,0,0,0,0,0,0,0,0,0,0,0,0,0,0,0,0,0,0,0,0,0,0,0,0,0,0,0,0,0,0,0,0,0,0,0,0,0,0
0,0,0.00011857248952206,0.00026415194834097,0.000544651644391277,0.00113786559159823,0.00190494894028805,0.00291568856332825,0.00431726670302548,0.00542618595528256,0.00623634352734727,0.00654965593780587,0.00618457846111432,0.00534168036794845,0.00398359975610644,0.00282903619929647,0.00183849483204403,0.000975173701003961,0.000521657140790709,0.000255509641999026,9.66138928511589e-05,5.79920422229211e-06,0,0,0,0,1.34560261786584e-06,2.94421419812561e-06,5.88756179783746e-06,1.20088269162134e-05,1.97004594091889e-05,2.95369480444637e-05,5.58373670537741e-05,8.1845031091953e-05,0.00011880999857249,0.000184989699987438,0.00036536068511638,0.000586853600206805,0.00100744787875892,0.00151635795400304,0.00217253459724397,0.00309850262892528,0.0038788631889373,0.00452361603167938,0.00492437569297431,0.00484419021129326,0.0043911173876076,0.00349559601661446,0.00265615355933592,0.00187529845483322,0.00117213596737118,0.000825329217451211,0.000694588452558155,0.000753058698227494,0.000913254688772775,0.00116240573640261,0.00148812810080559,0.00176750905431921,0.00209622935371969,0.00264625504878244,0.00329070223820033,0.0040852811714858,0.00507383818178493,0.00570668553073704,0.00596707560652884,0.00565432425825058,0.00491970371444673,0.00391173357767853,0.00265448715046833,0.00174336578177901,0.00113114170756574,0.000724032724971995,0.000679224524567322,0.000877279775077552,0.00135311687740466,0.00197032114198264,0.0026262647779332,0.00329844483888048,0.00361699036367596,0.00362870068503817,0.00323878999470995,0.00267106713791401,0.00201527644866584,0.00127839812742555,0.000794147581944855,0.000452422059962487,0.000206246454637471,9.75696469159719e-05,4.35521538230224e-05,2.98636574597839e-06,3.10267753989319e-06,3.73380874544987e-06,6.57345481507236e-06,1.14218149026639e-05,1.90541127895646e-05,3.17698345585576e-05,4.43235988572042e-05,5.65156302108339e-05,6.71760806053913e-05,7.02680518327129e-05,6.71760806053913e-05,5.65156302108339e-05,4.43235988572042e-05,3.17698345585576e-05,1.89180641511053e-05,1.11241368752364e-05,5.97818637860679e-06,2.51964304024645e-06,1.11084083858353e-06,0,0,0,0,0,0,0,0,0,0,0,0,0,0,0,0,0,0,0,0,0,0,0,0,0,0,0,0,0,0,0,0,0,0,0,0,0,0,0,0,0
0,0,0.000119214512868398,0.000265582227139191,0.000545239791534286,0.00113817778133548,0.00190398097168009,0.00291158512750551,0.00430576506832498,0.00540512309209775,0.00620343425205196,0.00650236723412116,0.00612833110301356,0.00528167303491314,0.00392704873489017,0.00278084069662873,0.00180125614278285,0.000951110872333454,0.000506595063400118,0.00024692837109895,9.27517351361345e-05,3.82638581059537e-06,0,0,0,0,8.23198394924329e-07,1.80117991004985e-06,3.6018296617797e-06,7.34663184442213e-06,1.20521366037749e-05,1.80697985410654e-05,3.54772499925595e-05,5.30057236392589e-05,7.86609545217299e-05,0.00012562772715058,0.000291083658441771,0.000493094605234649,0.000895670479147515,0.00140365587464682,0.00208180276463242,0.00306916707235714,0.003924854536048,0.00465386587791401,0.00514168080807546,0.00510398597527879,0.00465789807593486,0.00372880612700574,0.0028352385575206,0.0019929660988922,0.00121699570938198,0.000815885575976935,0.000633572425665306,0.000633995456039865,0.000748471556575479,0.000943345363619141,0.00121588206772208,0.00145117693430453,0.00172912218248908,0.00219411857559533,0.00273813534128794,0.00340774749687878,0.00423928139360924,0.0047714606436477,0.00499108395199939,0.00473054776458973,0.00411631071696766,0.0032732410668621,0.00222113283400122,0.00145863615268888,0.00094905522449662,0.000612445822559425,0.000581516907016207,0.000758024796956586,0.0011757207284917,0.00171330919273217,0.00228519405003491,0.0028719644641395,0.00315077399450326,0.00316217670001522,0.00282336581159193,0.00232886336901122,0.00175712860264054,0.0011143002231065,0.000691683461154811,0.000393409263676602,0.000178602360914417,8.395160034749e-05,3.70032955119938e-05,1.8871300417294e-06,1.96825146180334e-06,2.37673962930005e-06,4.19488665724663e-06,7.29394912850844e-06,1.21703938814086e-05,2.02938369370903e-05,2.83128917783682e-05,3.61008799646588e-05,4.29105295895043e-05,4.48856094340589e-05,4.29105295895043e-05,3.61008799646588e-05,2.83128917783682e-05,2.02938369370903e-05,1.26405150830019e-05,8.34468648944401e-06,6.34104769474694e-06,6.86658803918544e-06,9.49048210964114e-06,1.34043490062162e-05,1.97742227262726e-05,2.47637083151486e-05,2.83429750836341e-05,2.95942239955664e-05,2.77873034795314e-05,2.38451110047791e-05,1.76225477982383e-05,1.24059873515039e-05,7.98192177979398e-06,4.17527075210517e-06,2.20379132571083e-06,1.06308941018547e-06,3.93599732670029e-07,0,0,0,0,0,0,0,0,0,0,0,0,0,0,0,0,0,0,0,0,0,0,0,0,0,0,0
0,0,0.000116038786253303,0.000258507446335001,0.000529207174703375,0.00110412199317658,0.00184605427095548,0.00282131836804959,0.00416878561343998,0.00522891516500098,0.00599559097953123,0.00627629184954861,0.00590775969773856,0.00508416911736192,0.00377253536713962,0.00266619151875639,0.00172312685140812,0.000907030821890018,0.000481674423664009,0.000233985250386398,8.74797259369833e-05,2.44420692702984e-06,0,0,0,0,4.87552138124222e-07,1.06677700261055e-06,2.13324001065546e-06,4.35115773529752e-06,7.13806660261502e-06,1.07021211028724e-05,2.1919747870874e-05,3.34158173129602e-05,5.07057347014005e-05,8.29869198578805e-05,0.000235295434520225,0.000420180322093261,0.000804201262569651,0.00130515605808963,0.00199121624798276,0.00301206675162957,0.00391375710113932,0.00469691705011931,0.00524456591317683,0.00524065882838953,0.00480809460452217,0.00387047573361914,0.0029522656491185,0.0020791589211389,0.00126153577314204,0.000823862397356488,0.000600376845778187,0.000546862601896041,0.000614681535879228,0.000753484723451148,0.000968998960575045,0.00115772818159022,0.00138318951649145,0.00176234143114378,0.0022063079464991,0.00275211575227387,0.00342917571677585,0.00386237682931434,0.00404166903619192,0.00383153383951028,0.00333431826047694,0.0026516461769631,0.0017992759193857,0.00118150587420003,0.000771001865269097,0.00050176498077471,0.000482295449599648,0.000634446463568214,0.000989401560471865,0.0014428247225632,0.00192561191495281,0.00242154892317187,0.00265778580367501,0.002668368848046,0.00238326851743931,0.00196621334133389,0.00148361058914301,0.000940687050448249,0.000583615463574632,0.000331561644035,0.000150073426314372,7.02184891798563e-05,3.06580835729645e-05,1.15448825733484e-06,1.20882952988803e-06,1.46470808577602e-06,2.59167043154124e-06,4.50941778804904e-06,7.52574935877025e-06,1.25499570190379e-05,1.75090386310229e-05,2.23252257968953e-05,2.65363964282276e-05,2.77578099655082e-05,2.65363964282276e-05,2.23252257968953e-05,1.75090386310229e-05,1.25499570190379e-05,8.40199294434617e-06,6.46357500622399e-06,6.57456557044585e-06,9.77623081256256e-06,1.51055066062485e-05,2.23892113573302e-05,3.30287768425104e-05,4.13626875279076e-05,4.73411173753196e-05,4.94310716384391e-05,4.64129821123723e-05,3.98283594285273e-05,2.94348458941528e-05,2.07216533067274e-05,1.33321606056818e-05,6.97393206485527e-06,3.68098068439648e-06,1.77567246908777e-06,6.57427496169436e-07,0,0,0,0,0,0,0,0,0,0,0,0,0,0,0,0,0,0,0,0,0,0,0,0,0,0,0
0,0,0.000109346801816126,0.000243599260342845,0.000497755039888963,0.00103813653703093,0.00173513497746044,0.00265075487684017,0.00391459301265771,0.00490743580519658,0.00562348472410563,0.00588164708943855,0.00553161023094171,0.00475583391216288,0.00352411255403277,0.00248734199507474,0.00160511102075541,0.000843130843582767,0.000446830428852472,0.000216554913422259,8.070244175099e-05,1.51152746397584e-06,0,0,0,0,0,0,0,0,0,0,4.31483222884605e-06,9.61244336361886e-06,1.95711871806859e-05,4.07908765674986e-05,0.00018175787080751,0.000352621736339732,0.000718363575547404,0.00120619338377601,0.00188590867474915,0.0029113583816147,0.00382855256307868,0.00463575514027252,0.00521760829328993,0.00524120933398015,0.00483098996580247,0.00391086852559194,0.00299594626022274,0.00211885745781153,0.00128527713405583,0.000825615633902417,0.000570986781861509,0.000471553497182419,0.000497756275573357,0.000586290342178796,0.000749299490804147,0.000895008808311286,0.00107163027505225,0.00137055726990924,0.00172124934525797,0.00215441482632519,0.00269220483286314,0.00304047410924586,0.00319385453020739,0.00305180737946005,0.00268708193494393,0.0021804783827924,0.00154464375247108,0.00107939438878681,0.000766378155383205,0.000548027000097815,0.000516082533522625,0.000615181894735573,0.000873198288260981,0.00121961844040518,0.00159647253807021,0.0019888238526602,0.00217640417631772,0.00218257155183946,0.00194773317516779,0.0016071890298047,0.00121281717973755,0.000768925308135972,0.00047688600769139,0.000270705846261502,0.000122262879901368,5.70207365602756e-05,2.47207371132755e-05,6.83763746107216e-07,7.18770278753674e-07,8.73897386238476e-07,1.55014482245668e-06,2.69903387789358e-06,4.5053037529036e-06,7.5136190020878e-06,1.04826052524942e-05,1.33660410564747e-05,1.58872554023576e-05,1.66185117683513e-05,1.58872554023576e-05,1.33660410564747e-05,1.04826052524942e-05,7.51361900208781e-06,5.97612625264329e-06,5.97692249475352e-06,8.22648764757133e-06,1.47950086626341e-05,2.3979410158119e-05,3.62043474528602e-05,5.34089965771719e-05,6.68852996626059e-05,7.6552685796213e-05,7.99322345036216e-05,7.50518499245648e-05,6.44042230971973e-05,4.7597450886737e-05,3.35078321492037e-05,2.15586948178685e-05,1.1277157357577e-05,5.95230897320218e-06,2.8713411119005e-06,1.06308941018547e-06,0,0,0,0,0,0,0,0,0,0,0,0,0,0,0,0,0,0,0,0,0,0,0,0,0,0,0
0,0,9.97557301738279e-05,0.0002222325818561,0.000453537381962015,0.000945695802550859,0.0015802737706992,0.00241354658153003,0.00356298593098099,0.00446506280028372,0.0051144661875488,0.00534618253406293,0.00502519702054569,0.00431765605734649,0.00319652848134725,0.00225415015394735,0.00145316154135926,0.000762238133340265,0.000403407632994444,0.000195203678588236,7.25867090194557e-05,9.04946643106279e-07,0,0,0,0,0,0,0,0,0,0,2.78614367077485e-06,6.20688055011374e-06,1.26373718376533e-05,2.63392031361295e-05,0.000154592487789325,0.000309150622124941,0.000648955502467494,0.00111110542340487,0.00176498197486623,0.00276202831234566,0.00366272070496704,0.00446384801093197,0.00505568413917902,0.00510225235625928,0.00472534388542958,0.00385103422504724,0.00296881166091006,0.00211548671641425,0.00129205993538166,0.000825040689362528,0.000549248786124671,0.000412095701681516,0.000402132667302423,0.000447183358931216,0.000563465548001043,0.000671066290385353,0.00080436018149047,0.00103200374785992,0.00130013207890302,0.00163314781835642,0.00204707042099355,0.00231874827745835,0.00244624057856276,0.00235821381441599,0.00210333277554731,0.00174386134026716,0.00128968268343308,0.000953291604099821,0.000723298926649965,0.000550997855453979,0.000511796280984101,0.000568753428001439,0.000745777032995173,0.000999617334246295,0.00128294231276127,0.00158247686335283,0.00172622798101853,0.00172891238171146,0.00154136004618775,0.00127196481377559,0.000959749298308164,0.000608141052691466,0.000376736128821557,0.000213355312369731,9.57904454222513e-05,4.42427545787394e-05,1.88156998495162e-05,0,0,0,0,0,0,0,0,0,0,0,0,0,0,0,2.35132548896448e-06,5.23820670036785e-06,1.06651264351821e-05,2.22285879736312e-05,3.71282897875788e-05,5.66776077113202e-05,8.36113441955449e-05,0.000104708385667418,0.000119842599026404,0.000125133254689489,0.000117493052832176,0.000100824280741647,7.45134172886243e-05,5.2456235215456e-05,3.37499591518999e-05,1.76542969499394e-05,9.31829066658327e-06,4.49506085857723e-06,1.66425771465717e-06,0,0,0,0,0,0,0,0,0,0,0,0,0,0,0,0,0,0,0,0,0,0,0,0,0,0,0
0,0,8.81045783702156e-05,0.000196276523568498,0.000399624157628035,0.000832909089096175,0.00139120352868817,0.00212371989921204,0.00313293172803552,0.00392344157129712,0.00449052319960267,0.004688764995001,0.00440248529171825,0.00377790347866094,0.00279203081153574,0.00196554433158549,0.00126461688738792,0.00066150960234859,0.000349157985214541,0.000168430718567943,6.23600283914003e-05,0,0,0,0,0,0,0,0,0,0,0,1.74169441804782e-06,3.88009036325689e-06,7.89996589885624e-06,1.6465354446444e-05,0.000131722023957542,0.000270018926579669,0.000580103835885322,0.00100767190451592,0.00162017923495261,0.00256084348810701,0.00341741443324129,0.00418662297753816,0.00476854954803642,0.00483604978570931,0.00450442543591313,0.0037038267787626,0.00288236908633163,0.00207868861083414,0.00128913109061272,0.000827619665603272,0.000539168933059376,0.000371298744440065,0.000330059649143455,0.000338303018893366,0.000413916762170722,0.000488873461022097,0.000585292471560221,0.000752388369314144,0.00095081663644576,0.00120048261464597,0.0015119052781798,0.00172204964240081,0.00183255062336938,0.00179876341345745,0.00164610811737368,0.00142156977319835,0.0011329931799226,0.000912437934911916,0.000754290226202657,0.00061549004927379,0.000560045496056296,0.000568100235831316,0.000659532359199567,0.000822064702795418,0.00101552964580383,0.00122741027639179,0.00132972775327355,0.00132791619791452,0.00118122965961467,0.000974993452930387,0.000735811897270114,0.000466333408249507,0.000288926731703786,0.000163645329458965,7.34805551950672e-05,3.39568845937794e-05,1.4441292239255e-05,0,0,0,0,0,0,0,0,0,0,0,0,0,0,0,3.56362828490214e-06,7.93893556940758e-06,1.61638813532406e-05,3.36892638675701e-05,5.62709944999273e-05,8.58996029722789e-05,0.000126719908627007,0.000158694220167359,0.000181631372445488,0.000189649798756579,0.000178070440828947,0.000152807537851377,0.000112931247800746,7.95017637543684e-05,5.11508549592469e-05,2.6756547426606e-05,1.41226403329639e-05,6.81263657165429e-06,2.5223202373104e-06,0,0,0,0,0,0,0,0,0,0,0,0,0,0,0,0,0,0,0,0,0,0,0,0,0,0,0
0,0,7.53334680948081e-05,0.000167825458103615,0.000341697041010565,0.000712175592347129,0.00118954302467038,0.001815878223687,0.00267880076998317,0.00335472305640218,0.00383960393936376,0.00400910979530174,0.00376432747760174,0.00323028129116137,0.00238731480192468,0.00168063083589403,0.00108130562225583,0.000565621145288669,0.00029854614170765,0.000144016013675325,5.33206933863838e-05,0,0,0,0,0,2.28686596955972e-06,5.00372336334094e-06,1.00059739334549e-05,2.04091291473389e-05,3.34811404268972e-05,5.01983575467986e-05,7.35247670748821e-05,9.14859169022838e-05,0.000104982456423975,0.00011235410513549,0.00020614556086365,0.00031302399683059,0.000567759811531527,0.000935265160283781,0.0014788694198289,0.00232800829231929,0.00311209318418571,0.00382562455197237,0.00438105787930854,0.00446851768463604,0.00419395263592461,0.00349199228076313,0.00275545955660012,0.00202300971915837,0.0012862502781745,0.00083985968024005,0.000544668410782341,0.000350855342421398,0.000281953042417141,0.000259107892578756,0.000299621997704149,0.000347274342367321,0.000413397563213412,0.000531103711980565,0.000673242098998665,0.000857235121389165,0.00108864947911395,0.00125348070850774,0.00135736178199834,0.001380368400549,0.00132476444631657,0.00122569004418382,0.00108971083642137,0.000973707612163528,0.00087696605316142,0.000758205705587995,0.00067573256912346,0.000626027327743015,0.000625249563103746,0.000696969402273077,0.000804273269683369,0.000934215474646999,0.000997810852875329,0.00099019645626951,0.000876476521234169,0.00072359777764517,0.000546183916311237,0.000346215037773924,0.000214531572080357,0.000121521535829827,5.45718345033259e-05,2.52314597758731e-05,1.07305157291474e-05,0,0,0,0,0,0,0,0,0,0,0,0,0,0,0,5.2287864091128e-06,1.16485208583646e-05,2.37166944421246e-05,4.94310716384391e-05,8.25644505390833e-05,0.000126037465375537,0.000185931663748456,0.000232846446171539,0.000266501322748804,0.000278266477575847,0.000261276493066305,0.000224209124310845,0.000165700046822057,0.000116650140975843,7.50518499245648e-05,3.92589407070725e-05,2.07216533067274e-05,9.99594196370259e-06,3.70091174552481e-06,0,0,0,0,0,0,0,0,0,0,0,0,0,0,0,0,0,0,0,0,0,0,0,0,0,0,0
0,0,6.23600283914004e-05,0.000138923649698035,0.000282852199926063,0.000589529345742283,0.000984687664954978,0.0015031594913689,0.00221747513151553,0.00277699447978744,0.00317837233205727,0.00331868699240847,0.00311605949273895,0.00267398326565183,0.00197618698026587,0.00139120352868817,0.000895090203716528,0.000468213551971182,0.000247132467731366,0.000119214512868398,4.41381505128556e-05,0,0,0,0,0,3.77870858837528e-06,8.26791456018328e-06,1.65333955468692e-05,3.37230745556799e-05,5.53226444241823e-05,8.29453790949281e-05,0.000119747134617979,0.000147286888600798,0.000165568053214823,0.000169183226478669,0.000239993462968829,0.000315233582869498,0.000512613343647781,0.000815181646798253,0.00128208450037531,0.0020267116936948,0.00272735512550486,0.00337745023686164,0.00390548646419029,0.00402117787092841,0.00381905675888119,0.00323986805272103,0.00260878194466012,0.00196438379991906,0.00129371008631981,0.000868330877709385,0.000569125744923205,0.000351393319352962,0.000256800041474445,0.00020712615616603,0.000217139454998796,0.000242229793117827,0.000284152527406932,0.000362988451130677,0.000461541265194205,0.000596905151845161,0.000770073073635984,0.000905823483806753,0.00101451743325158,0.0010999391470019,0.00114019794999013,0.00116192280742363,0.00117115864061799,0.00115199260281111,0.0011081179614228,0.00099566145721233,0.000873435277345861,0.000754343163106137,0.000651412692918181,0.000630539667541728,0.000653871823952825,0.000706637999517781,0.000733845162677782,0.00071884611369278,0.000629678173974886,0.000519946721644431,0.000392528938250386,0.000248857364018998,0.000154221887322929,8.7367696876524e-05,3.92382239698815e-05,1.81503822249277e-05,7.71905247198023e-06,0,0,0,0,0,0,0,0,0,0,0,0,0,0,0,7.42742482404667e-06,1.65465762449307e-05,3.36892638675701e-05,7.02162107686604e-05,0.000117281755561672,0.000179034622156047,0.00026411357184045,0.000330755425670367,0.000378561751303512,0.000395274004622721,0.000371139946959472,0.000318486219437427,0.000235374816413788,0.000165700046822057,0.000106610201604108,5.57668277031348e-05,2.94348458941528e-05,1.41991088699934e-05,5.25709822883757e-06,0,0,0,0,0,0,0,0,0,0,0,0,0,0,0,0,0,0,0,0,0,0,0,0,0,0,0
0,0,4.99750809138507e-05,0.000111332865195812,0.000226676637945775,0.000472446493603953,0.000789124812806883,0.00120462609054782,0.00177707582854825,0.00222547242848646,0.0025471350569624,0.00265958267261194,0.00249719779318568,0.00214291964757446,0.00158370845535574,0.00111490502341422,0.000717321760586262,0.000375224494733361,0.000198050985381171,9.55380406389471e-05,3.53721398172402e-05,0,0,0,0,0,6.04470273781133e-06,1.32259698278079e-05,2.64480467308142e-05,5.39459332008932e-05,8.84982084203543e-05,0.000132685585135182,0.000191556404930815,0.000235611039577879,0.00026485494743908,0.00027063804693314,0.000321382126864966,0.000367455424238204,0.000509125914261558,0.00074598312345375,0.00113263212770713,0.00176256522213046,0.00236731708420274,0.00294039503570951,0.00342791238087268,0.00356659911495831,0.00343814679729534,0.00298922623948183,0.00247187797378871,0.0019224014777264,0.00132231888695908,0.000918431447524878,0.000614744376304358,0.000372429259879393,0.00025250284700786,0.000178677690208487,0.000161648741294619,0.000168078105881174,0.000191040898648415,0.000240205098046292,0.000306347376651618,0.000408479610386901,0.000543185556093781,0.000665278547826012,0.00079087705772379,0.000947610420108236,0.00108722003578022,0.0012308703408248,0.00138481937457886,0.00145928298791937,0.00146225991782143,0.00134256543732487,0.00116600327962695,0.000962904267802547,0.000743916505438417,0.00062551005073364,0.000564556110136275,0.000542895903001804,0.000535154611899811,0.000510891870252894,0.000437992160063613,0.000361729497109457,0.000273125885570563,0.000173184236514473,0.00010733726202209,6.08128215488632e-05,2.73145252849938e-05,1.26403189238011e-05,5.37571516821177e-06,0,0,0,0,0,0,0,0,0,0,0,0,0,0,0,1.02142030438594e-05,2.27548704228207e-05,4.6329513888508e-05,9.65614127038416e-05,0.000161286003295358,0.000246208615489722,0.000363209283611103,0.000454855236597958,0.000520598549841183,0.000543581259564499,0.000510392076087805,0.000437982610267968,0.000323687714546496,0.000227870892363389,0.000146610470186876,7.66906047204399e-05,4.04788334651612e-05,1.95266306257894e-05,7.22956744806274e-06,0,0,0,0,0,0,0,0,0,0,0,0,0,0,0,0,0,0,0,0,0,0,0,0,0,0,0
0,0,3.87730143989545e-05,8.63772645562176e-05,0.000175866379528807,0.000366546173898534,0.000612240083858546,0.000934605485375449,0.00137873887202129,0.00172662600912901,0.00197618698026587,0.00206342912056822,0.00193744330617764,0.00166257768535556,0.0012287153841553,0.000864995668557798,0.000556531904367285,0.000291116782026157,0.000153657254125286,7.41228980044561e-05,2.74433670016445e-05,0,0,0,0,0,9.36128257149377e-06,2.04827344222705e-05,4.09594399675756e-05,8.3544740937805e-05,0.000137055000390946,0.000205486904731426,0.000296658696501282,0.000364885026463772,0.000410174347851072,0.0004191304919083,0.00044595574822545,0.000455815065878218,0.000531121535361608,0.00069334613584053,0.000992596104248311,0.00150153027996992,0.00200764777872367,0.00250340387677115,0.0029532879764271,0.00311955509141632,0.00307103479361942,0.0027597653327963,0.00236086908209691,0.00190844298249621,0.00137811922174402,0.000993098234783965,0.000681857714890176,0.000412237192479938,0.000266111507757468,0.000169455346921077,0.000127811138974881,0.000118605517796795,0.000126850299308204,0.000153903076305115,0.000196870993936882,0.000278968981938247,0.000392323054560378,0.000514821027086528,0.000669609587378455,0.00090940466292748,0.00115626511905788,0.00142854382793058,0.00173340250381883,0.00190277609982307,0.00194920423632764,0.00180932173763306,0.00156243604548557,0.00125813895113193,0.000905515491720544,0.000681405004494472,0.000533068493445171,0.000437298982001865,0.000394936924280695,0.000359280340434562,0.000294971815025343,0.000243652017723355,0.000183996834840948,0.000116685735854249,7.2327461013552e-05,4.09812096144138e-05,1.84085865179308e-05,8.52234569884004e-06,3.62441037430899e-06,0,0,0,0,0,0,0,0,0,0,0,0,0,0,0,1.3598768089757e-05,3.02948947131453e-05,6.16812013992373e-05,0.000128557876922985,0.00021472952373469,0.000327791982337547,0.000483561839789695,0.000605575476652166,0.000693103408729485,0.000723701639277629,0.000679514931097857,0.000583111958789693,0.000430944454963377,0.000303377895108383,0.000195191125048189,0.000102102703830962,5.38918471145479e-05,2.59969495724968e-05,9.62514752186813e-06,0,0,0,0,0,0,0,0,0,0,0,0,0,0,0,0,0,0,0,0,0,0,0,0,0,0,0
0,0,2.91228910647952e-05,6.48790326246482e-05,0.000132095414616912,0.000275317368487923,0.000459861105568163,0.000701993749030851,0.00103558783342255,0.00129689016840698,0.00148433850300536,0.00154986715450875,0.00145523764981114,0.0012487826796019,0.000922903334628469,0.00064970895395762,0.000418018002371477,0.00021866141855378,0.000115413865611824,5.56746262175816e-05,2.06130526612251e-05,0,0,0,0,0,1.40353943631785e-05,3.07098149273089e-05,6.14105907443112e-05,0.000125258838954646,0.000205486904731427,0.000308087029992754,0.000444781125327953,0.000547073032410413,0.000614975425192266,0.000628403394368137,0.000627141624566126,0.000592643263492447,0.000590073167023989,0.000669339025574226,0.000876262806732443,0.00126276852475155,0.00167251101478063,0.00209517123826313,0.002513224034968,0.00271086582040814,0.00274490276504814,0.00257156499124755,0.00228913963878673,0.00192989957701632,0.00146321641010496,0.00109173317763129,0.000768336748875288,0.00046770215152123,0.000293958621687194,0.00017492704311838,0.00011038219052188,8.7821841340006e-05,8.46301134602078e-05,9.54745820662599e-05,0.000122493436981337,0.000195354122312683,0.000301507209317909,0.000436722052891494,0.000632574747250834,0.000968940197501937,0.00133414378463068,0.00174593853265245,0.00221301738469729,0.00248213733222216,0.00257085301845486,0.00239885968042109,0.0020651997024171,0.0016411317733308,0.00113497295345787,0.000794587592998389,0.000553488987597053,0.000381761119797413,0.000304097979081012,0.000254797443334294,0.000192335092040783,0.00015889668007122,0.000120008550951925,7.61162007538163e-05,4.71848681520898e-05,2.6737362150037e-05,1.20112641658068e-05,5.56274460085945e-06,2.3657417750292e-06,0,0,0,0,0,0,0,0,0,0,0,0,0,0,0,1.75276425150123e-05,3.90475137936876e-05,7.95017637543684e-05,0.000165700046822057,0.000276767888429203,0.000422495673709397,0.000623269623085899,0.000780534707302813,0.000893350683970956,0.000932789171567769,0.00087583630497145,0.000751581164737469,0.000555450339366721,0.000391028014987763,0.000251584572908828,0.000131601603965381,6.94619559994547e-05,3.35078321492037e-05,1.24059873515039e-05,0,0,0,0,0,0,0,0,0,0,0,0,0,0,0,0,0,0,0,0,0,0,0,0,0,0,0
0,0,2.11771866208109e-05,4.71778498437176e-05,9.60553415137187e-05,0.000200201528050467,0.000334395525176473,0.000510466237599601,0.000753044632891597,0.00094305490007651,0.00107936102280032,0.00112701125363797,0.00105819986137758,0.000908072752664802,0.000671104256336071,0.000472446493603952,0.00030396862823075,0.000159003227295738,8.39250802831643e-05,4.04847151620491e-05,1.49891184244086e-05,0,0,0,0,0,2.03724257578341e-05,4.45754076055577e-05,8.91376949097635e-05,0.00018181365846126,0.000298264986542216,0.000447189440002143,0.000645601414521111,0.000794078488177968,0.000892639057260141,0.000912129803158353,0.00087811547585061,0.000789806884386061,0.000696483688203758,0.000684332138751886,0.00079506484744091,0.00106078237816508,0.00137965783214062,0.00173623899801598,0.00212949507287888,0.00236071861937222,0.00247617408071274,0.00243463573376993,0.00226113211846653,0.00198664967986229,0.00157407368996461,0.00120961036745047,0.00086927996463287,0.000534261208528389,0.00033175408161558,0.000190582240896187,0.00010457780284073,7.04272196295753e-05,5.82788209636422e-05,5.73460256784342e-05,7.37916131457083e-05,0.000145834166921616,0.000255941855417541,0.000414101643597996,0.000661689241403541,0.00110816938012444,0.00160394007007986,0.00216791168325145,0.00281080044319607,0.00318630251764634,0.00331752818337459,0.00310285082844625,0.00266666260883601,0.00210443493042633,0.00142437086413576,0.000955995187710263,0.000615388766085949,0.000364475848869243,0.000250376183052221,0.00018561422304667,0.000119928006836348,9.92747858339227e-05,7.51053368664904e-05,4.77171856759314e-05,2.96153148086746e-05,1.67985339834849e-05,7.55410874381195e-06,3.51518311676545e-06,1.49494829313654e-06,0,0,0,0,0,0,0,0,0,0,0,0,0,0,0,2.18713859964466e-05,4.8724364708594e-05,9.92040864012843e-05,0.000206764240003781,0.000345357187315521,0.000527199590795654,0.000777729834157447,0.000973968738375502,0.001114743047879,0.0011639552784803,0.0010928882123951,0.000937839857673559,0.000693103408729484,0.000487933539487509,0.000313932880598591,0.000164215437165215,8.66761887932767e-05,4.18118255328226e-05,1.54804696524008e-05,0,0,0,0,0,0,0,0,0,0,0,0,0,0,0,0,0,0,0,0,0,0,0,0,0,0,0
0,0,1.49083953334195e-05,3.32124398318172e-05,6.76213998967115e-05,0.0001409386232446,0.000235409017086256,0.000359359938161923,0.000530131187483855,0.0006638953286478,0.000759852624596412,0.000793397612973591,0.00074495551074209,0.000639268465194975,0.000472446493603953,0.000332594656063236,0.000213988975956227,0.000111935688826812,5.90818930603764e-05,2.85005817535549e-05,1.05520958554017e-05,0,0,0,0,0,2.86279154929832e-05,6.26386379887269e-05,0.000125258838954646,0.000255489754228091,0.0004191304919083,0.000628403394368137,0.000907217577168174,0.00111586180873001,0.00125436194004304,0.00128175089377402,0.00120978004052667,0.00105696817911532,0.000858533574166802,0.000745911695080692,0.000756653444595416,0.000904511412855135,0.00113944565407739,0.00143791509375486,0.0018128986337031,0.00207759036615649,0.00226958534942465,0.00234826775752513,0.00227172399049503,0.00207037002711848,0.00170030617622888,0.00133571167182098,0.000973308726579406,0.000599611432893156,0.000365756557724572,0.000199578405217792,8.97481278672274e-05,4.17628491380423e-05,1.77610377501142e-05,0,0,6.56023135402256e-05,0.000173401716384675,0.000353050449343718,0.00065695200410906,0.00122906741636249,0.00187621356313222,0.00261759428395632,0.00346618887592269,0.00396718067000286,0.00415160707493258,0.0038940244042778,0.003346688869047,0.00263388656792717,0.00176566428352303,0.00116022039694095,0.000714804212058582,0.000381834070090799,0.000229804606384182,0.000147338074742692,7.33682748705823e-05,6.07332679573382e-05,4.59471406623782e-05,2.91919101056991e-05,1.81177409229078e-05,1.027682766716e-05,4.62137194921083e-06,2.1504811756207e-06,9.14563496730332e-07,0,0,0,0,0,0,0,0,0,0,0,0,0,0,0,2.64215299712686e-05,5.88610279516942e-05,0.000119842599026404,0.000249779669433571,0.000417205625511458,0.000636878695813378,0.000939529489629931,0.00117659412239571,0.00134665525333344,0.00140610564326285,0.00132025371705911,0.0011329489549404,0.000837297302050712,0.000589443697790845,0.000379243776094023,0.000198378973125463,0.000104708385667418,5.05103975417199e-05,1.87010413037689e-05,0,0,0,0,0,0,0,0,0,0,0,0,0,0,0,0,0,0,0,0,0,0,0,0,0,0,0
0,0,1.01606711645526e-05,2.26356138374672e-05,4.6086704348187e-05,9.60553415137188e-05,0.000160440715334543,0.000244918254427571,0.000361305730739684,0.000452471374095607,0.000517870131518406,0.000540732390567522,0.000507717149135698,0.00043568717594669,0.00032199129128236,0.000226676637945775,0.00014584209560479,7.62886749586918e-05,4.02666869062731e-05,1.94242930053759e-05,7.19167782217527e-06,0,0,0,0,0,3.89462428949556e-05,8.52154118701408e-05,0.000170405741482067,0.000347575639161664,0.000570197223983836,0.000854898123444394,0.0012342049887504,0.00151805062616786,0.00170647020412917,0.00174373092766691,0.00162824194654778,0.00139946943981984,0.00108057920959327,0.000857887189764159,0.000764369922765662,0.000797243504637299,0.000955041467431362,0.00120272546885807,0.00156397408847152,0.00185917987524792,0.00211928322879184,0.00230226284866516,0.00230848910331618,0.00216800705670428,0.00183108698567489,0.00146355394305805,0.00108017876933293,0.00067263029350555,0.000412817974414,0.000228424826133935,0.000102720033670707,4.7799117057804e-05,2.0328161033258e-05,0,0,8.01108229328099e-05,0.000211750980230602,0.000431130557863346,0.000802242525246689,0.0015008861250652,0.00229115414425222,0.00319649751473139,0.00423276601549201,0.00484455640428275,0.00506862218949432,0.00475231466066189,0.00408112940327483,0.00320614687499969,0.00213779736816216,0.00138977895080042,0.0008365064011907,0.000420139137931574,0.000229685365207707,0.000128520107233147,4.34535095114296e-05,3.59702288420927e-05,2.72129134468199e-05,1.72893658147523e-05,1.07305157291474e-05,6.08661208908042e-06,2.73707989325241e-06,1.2736561461179e-06,5.41664550162572e-07,0,0,0,0,0,0,0,0,0,0,0,0,0,0,0,3.09007114219805e-05,6.8839603184005e-05,0.00014015924030902,0.000292124244607999,0.000487933539487509,0.000744847282179986,0.00109880577177269,0.00137605942867367,0.00157495063357047,0.00164447951191818,0.00154407330533107,0.00132501519596015,0.000979242395622315,0.000689370737604769,0.000443536104699727,0.000232009706001307,0.000122459358428098,5.90733095298969e-05,2.18713859964466e-05,0,0,0,0,0,0,0,0,0,0,0,0,0,0,0,0,0,0,0,0,0,0,0,0,0,0,0
0,0,6.70413499506023e-06,1.49352546111176e-05,3.04085706961544e-05,6.33784881013754e-05,0.00010586074452043,0.00016160005710698,0.000238393936201594,0.00029854614170765,0.000341697041010565,0.000356781838901872,0.00033499797916772,0.000287471722670575,0.000212453788635699,0.000149564015644608,9.62283968315045e-05,5.03361999649815e-05,2.65684520689206e-05,1.28163858846207e-05,4.74515690745384e-06,0,0,0,0,0,5.12944371138919e-05,0.000112233588156291,0.000224434141538982,0.000457777065001768,0.000750982469016103,0.00112594989329465,0.00162551880426209,0.00199935979934426,0.00224751919738506,0.00229659370876936,0.00213211363909713,0.00181610593931713,0.00136166041837808,0.00101945088989286,0.000817068343565035,0.000737164297876606,0.000823531767756084,0.00102603693583055,0.0013751526967614,0.00169490525734559,0.00201152368376697,0.00227969138995674,0.00235264757695649,0.00226032762989977,0.00194799123720269,0.00157577631927337,0.00117308913853775,0.00073569941960497,0.000453336349518979,0.000253105694860048,0.000113818738261959,5.29637208939739e-05,2.25245802333801e-05,0,0,9.47091827956047e-05,0.000254532916446935,0.00051904009257764,0.000967461280463266,0.0018140478952085,0.00277490781615772,0.00388010866262184,0.00515326783974265,0.00591418381766977,0.00620480429547243,0.00583833883291784,0.00502809453139462,0.00395887407457875,0.00263986695739924,0.00170652642426737,0.00100864867317211,0.000476826307521561,0.000231447720258786,0.000102729160202601,2.96932782244769e-06,0,0,0,0,0,0,0,0,0,0,0,0,0,0,0,0,0,0,0,0,0,0,0,3.49870924736469e-05,7.79431104209049e-05,0.000158694220167359,0.000330755425670367,0.000552458991442509,0.000843347597552028,0.00124411437078571,0.0015580326880757,0.00178322572272439,0.00186194925963979,0.00174826510567909,0.00150023824878897,0.00110873965915823,0.000780534707302813,0.000502190337905687,0.000262691202406339,0.000138653665253146,6.68852996626059e-05,2.47637083151486e-05,0,0,0,0,0,0,0,0,0,0,0,0,0,0,0,0,0,0,0,0,0,0,0,0,0,0,0
0,0,4.28244667573648e-06,9.54029587825801e-06,1.94242930053759e-05,4.04847151620491e-05,6.76213998967114e-05,0.000103226386083593,0.000152280543329524,0.000190704383645603,0.000218268182019437,0.000227904002693004,0.000213988975956227,0.000183630300408022,0.000135710575870109,9.55380406389471e-05,6.14684785473692e-05,3.21536025703649e-05,1.69713138720875e-05,8.18681144800793e-06,3.03109669467375e-06,0,0,0,0,0,6.54039273557409e-05,0.00014310552683032,0.000286168932057317,0.000583697172424792,0.000957554183505446,0.00143566338126953,0.00207264802522915,0.00254932094846765,0.00286574121068959,0.00292831458039966,0.00271015751650884,0.00229720656891544,0.00169427911042216,0.00122460341998489,0.000909245991822932,0.000718315951089583,0.000737563099875578,0.000898345236183442,0.00123371886436065,0.00156929520657795,0.00192830249286821,0.0022605567281236,0.00238383912373152,0.00232797480415772,0.00203448973016771,0.00165908026305597,0.00124217808519028,0.000782653709604083,0.000483519541979512,0.000271512225474647,0.00012209594471317,5.68153859094018e-05,2.41626286221213e-05,0,0,0.000108398143525422,0.000293378200632149,0.000598640579142701,0.00111662022812424,0.00209568042713024,0.00320844771775797,0.00449048396519335,0.00597121137184567,0.00686055419707291,0.00720641283920574,0.00679160559724974,0.00585757087053461,0.00461923414884288,0.00308657670621282,0.00199904812241865,0.00118394526640638,0.000561181534687222,0.000273048009652035,0.00012150762316073,4.85367235386162e-06,0,0,0,0,0,0,0,0,0,0,0,0,0,0,0,0,0,0,0,0,0,0,0,3.83509464586332e-05,8.54369952811309e-05,0.000173951966586452,0.000362556094946762,0.000605575476652166,0.000924431733905765,0.00136373045740676,0.0017078306305732,0.00195467497813293,0.00204096743445952,0.00191635305259782,0.00164447951191818,0.00121534006682517,0.000855579662454726,0.000550473714715522,0.000287947798069468,0.000151984601076008,7.33160249929981e-05,2.71446291922319e-05,0,0,0,0,0,0,0,0,0,0,0,0,0,0,0,0,0,0,0,0,0,0,0,0,0,0,0
0,0,2.64831741200147e-06,5.89983567879253e-06,1.2012220414422e-05,2.50362431109865e-05,4.18179009174882e-05,6.38364599358729e-05,9.41721508626296e-05,0.000117933923757918,0.000134979713863821,0.0001409386232446,0.000132333400486248,0.00011355922414562,8.39250802831644e-05,5.90818930603765e-05,3.80128590855695e-05,1.98841811687073e-05,1.04952681107843e-05,5.06282434977516e-06,1.87446727578554e-06,0,0,0,0,0,8.07358171745459e-05,0.000176652108183006,0.000353252220680088,0.00072052658155934,0.00118202258824189,0.00177220942167463,0.00255851504332325,0.00314692891292648,0.00353752393487557,0.0036147656593584,0.00333990389596686,0.00282353865925123,0.00206378263174505,0.00146201139720653,0.00103147186205311,0.000731753482317744,0.000687142261064731,0.000807713493949894,0.00112492966159587,0.00146554371912374,0.00185115750687283,0.00222562883635115,0.00238336566892998,0.00235383294670943,0.0020764670686215,0.00170234782039354,0.00127932815104975,0.000808483982612959,0.000500309062655347,0.000281971828703312,0.000126799508743468,5.90041138492098e-05,2.50934578247737e-05,0,0,0.000120110357104767,0.000328330624401109,0.000670570523680159,0.0012520259740401,0.00235287182130075,0.00360648782408821,0.00505409552265104,0.00673208020559183,0.00774670624705701,0.00815087506546114,0.00769856922755654,0.00665304227898288,0.00525784149125797,0.00352317768333101,0.00228762376750511,0.00135856722118608,0.000646243912979994,0.00031544379848179,0.000140855986745958,7.68089137433862e-06,0,0,0,0,0,0,0,0,0,0,0,0,0,0,0,0,0,0,0,0,0,0,0,4.06980104110272e-05,9.06657082684751e-05,0.000184597763572544,0.000384744395881868,0.000642636475218061,0.000981006619259368,0.0014471902646064,0.0018123492430183,0.00207430037472571,0.00216587389794399,0.00203363316130815,0.00174512105897979,0.00128971843617838,0.000907940826117661,0.000584162505523927,0.000305570098414756,0.000161286003295358,7.78029390142595e-05,2.88058706102739e-05,0,0,0,0,0,0,0,0,0,0,0,0,0,0,0,0,0,0,0,0,0,0,0,0,0,0,0
0,0,1.58553913771886e-06,3.53221269189409e-06,7.19167782217527e-06,1.49891184244086e-05,2.50362431109865e-05,3.82186837510748e-05,5.6380564580067e-05,7.06066617753403e-05,8.0811921622129e-05,8.43795015498704e-05,7.92275822933929e-05,6.79875431532186e-05,5.02456763007837e-05,3.53721398172402e-05,2.27581767742912e-05,1.19045954694121e-05,6.28348334496849e-06,3.03109669467375e-06,1.12223754398273e-06,0,0,0,0,0,9.64844936599017e-05,0.000211110629810596,0.000422159121432659,0.000861075602169921,0.00141259300905474,0.00211790423003848,0.00305759001537813,0.00376078243056594,0.00422756860103797,0.00431987742922549,0.0039878453754397,0.00336653278648614,0.00244868003645077,0.00171547489051247,0.00117113467292807,0.000766745386779182,0.000661978062240943,0.000743441207653659,0.00103822192520479,0.00137495140346898,0.00177507975102242,0.00217720913063249,0.00236124276115209,0.00235578441808527,0.00209932821253076,0.00173419973587284,0.00131305376528271,0.000837794868387731,0.000523175747661889,0.000298515528764038,0.000136237169986542,6.4377590130748e-05,2.78969271011207e-05,1.10029516187815e-06,4.76436166941329e-07,0.000128845107092916,0.0003571921548792,0.000730440398468391,0.00136568507638581,0.002571100127204,0.00394746749611574,0.00554179061508212,0.00739889815958131,0.00853203295447255,0.00899767617008186,0.00852369278484619,0.00738593626498987,0.00585393753244104,0.00393734939639096,0.0025651849078594,0.00152891049917859,0.000730664845856001,0.000358137032565165,0.000160628235787162,1.1767430695495e-05,0,0,0,0,0,0,0,0,0,0,0,0,0,0,0,0,0,0,0,0,0,0,0,4.18118255328226e-05,9.31470294897789e-05,0.000189649798756579,0.000395274004622721,0.000660224023520453,0.00100785461492494,0.00148679668232938,0.00186194925963979,0.00213106941825343,0.00222514910759351,0.00208928923256013,0.00179288118792036,0.00132501519596015,0.000932789171567769,0.000600149749756932,0.000313932880598591,0.000165700046822057,7.99322345036216e-05,2.95942239955664e-05,0,0,0,0,0,0,0,0,0,0,0,0,0,0,0,0,0,0,0,0,0,0,0,0,0,0,0
0,0,0,0,0,0,0,0,0,0,0,0,0,0,0,0,0,0,0,0,0,0,0,0,0,0,0.000111629160204477,0.000244247561676212,0.000488423231657299,0.000996234137701025,0.00163432034858704,0.0024503405845302,0.00353752393487557,0.00435109278715422,0.00489114794242642,0.00499794600477987,0.00461159842574474,0.00389015014038355,0.00282210738339183,0.00196512627796882,0.00131353233005128,0.000811929654378314,0.000650598374046109,0.00069270463403958,0.000957581545439754,0.0012778933651375,0.00167538248514437,0.00208318683497449,0.00227855997837331,0.0022887080517673,0.0020533272601302,0.00170481300902838,0.00129728928485129,0.00083307057036673,0.000523379730809303,0.000301029247225406,0.000138706908473114,6.61849466864521e-05,2.90129256077836e-05,1.83781703410689e-06,7.95788742517741e-07,0.000133808672530129,0.000378345356084684,0.000775049202191953,0.00145182875179479,0.00274003780967988,0.0042162744893229,0.00593348240285845,0.00794681579705337,0.00918993506083393,0.00972110063664318,0.00924549233368661,0.00803988354515961,0.00639645782370241,0.00432331083962453,0.00282893479945296,0.00169392423506695,0.00081432027519394,0.000401231777471673,0.000180949318695909,1.74534197697505e-05,0,0,0,0,0,0,0,0,0,0,0,0,0,0,0,0,0,0,0,0,0,0,0,4.15866501955319e-05,9.26453911729699e-05,0.000188628449966902,0.000393145277733164,0.000656668422556153,0.00100242686811016,0.00147878961877356,0.00185192183205884,0.00211959265853462,0.00221316568676843,0.00207803747778395,0.00178322572272439,0.00131787939789672,0.000927765685660318,0.000596917675562506,0.000312242211957014,0.000164807678133132,7.95017637543683e-05,2.94348458941528e-05,0,0,0,0,0,0,0,0,0,0,0,0,0,0,0,0,0,0,0,0,0,0,0,0,0,0,0
0,0,0,0,0,0,0,0,0,0,0,0,0,0,0,0,0,0,0,0,0,0,0,0,0,0,0.00012503357584215,0.000273576778425662,0.000547073032410413,0.00111586180873001,0.0018305693322526,0.00274457717637356,0.00396230936786128,0.00487357146647299,0.00547847637744769,0.00559809873781128,0.00516404254057375,0.00435439933386485,0.00315444243510981,0.00218935331986761,0.00144328022535781,0.000856379996440028,0.000644254645510363,0.00064807191617725,0.000877734876297456,0.00117253338580684,0.00155492783397724,0.00195387890473144,0.00215229911687735,0.00217540480987674,0.00196559873474453,0.00164198426540022,0.00125784916158368,0.000815214636346136,0.000516801613020409,0.000300592483959475,0.000140569884295792,6.80637532547057e-05,3.03460518708344e-05,2.97183162888881e-06,1.28682568016199e-06,0.000134533193808658,0.000391009508511945,0.000802894791773576,0.00150783982479306,0.00285522974520953,0.00440672755244508,0.00622149304325894,0.00836732595290971,0.00971242331922158,0.010314791587164,0.00986049384785628,0.00861386383877962,0.00688628488116438,0.00468312660796897,0.00308107724886596,0.00185546756922001,0.000898433594333912,0.000445473703663473,0.000202223000640026,2.50615701916023e-05,0,0,0,0,0,0,0,0,0,0,0,0,0,0,0,0,0,0,0,0,0,0,0,4.00440143135899e-05,8.9208756963482e-05,0.000181631372445488,0.000378561751303512,0.000632309637551579,0.000965242347392605,0.00142393466130434,0.00178322572272439,0.00204096743445952,0.00213106941825343,0.00200095372224756,0.00171707786102977,0.00126899332417573,0.000893350683970956,0.000574775314478875,0.000300659744079532,0.000158694220167359,7.65526857962129e-05,2.83429750836341e-05,0,0,0,0,0,0,0,0,0,0,0,0,0,0,0,0,0,0,0,0,0,0,0,0,0,0,0
0,0,0,0,0,0,0,0,0,0,0,0,0,0,0,0,0,0,0,0,0,0,0,0,0,0,0.0001355827707369,0.000296658696501282,0.000593230074642376,0.00121000806997717,0.00198501610804236,0.00297613961344087,0.00429661296170261,0.00528475906058149,0.00594070034123277,0.00607041534738966,0.00559809873781128,0.00471819838665159,0.00341243812674194,0.00235944643241883,0.00153311058143049,0.00086992463288155,0.000608034364336381,0.000569885771098282,0.000756495791709247,0.00101918861265427,0.00138037032178971,0.00176745281230354,0.00197104624082022,0.00201348783503378,0.00184102597432299,0.00155340146570043,0.00120283861156287,0.000790943921867156,0.000508415219135371,0.000300720650732496,0.000143679410441748,7.10103016206566e-05,3.23906778284735e-05,4.65237793515174e-06,2.01451500232224e-06,0.000130949396551829,0.000395350551181021,0.000814381950114698,0.00153460777502044,0.00291867783336179,0.00452235702874142,0.00641147203471381,0.00866918025919368,0.010110852116113,0.0107921572123566,0.010383165852212,0.00912179418387145,0.00733562163716146,0.0050260243116982,0.00332821944784724,0.00201785685163988,0.00098529979574502,0.000492088951649112,0.000225047284802174,3.48389357520627e-05,0,0,0,0,0,0,0,0,0,0,0,0,0,0,0,0,0,0,0,0,0,0,0,3.73293248586086e-05,8.31610597989504e-05,0.000169318102162189,0.000352898050699596,0.000589443697790844,0.000899806020219011,0.00132740237112599,0.00166233614288802,0.00190260486349202,0.00198659859591626,0.00186530378647557,0.00160067261938202,0.00118296491631922,0.000832788082469905,0.000535809778382015,0.000280277226223097,0.000147935919995924,7.1362977110814e-05,2.64215299712686e-05,0,0,0,0,0,0,0,0,0,0,0,0,0,0,0,0,0,0,0,0,0,0,0,0,0,0,0
0,0,0,0,0,0,0,0,0,0,0,0,0,0,0,0,0,0,0,0,0,0,0,0,0,0,0.000142334839713421,0.000311432402410777,0.000622773137976764,0.00127026689125829,0.00208387059824168,0.00312435239773854,0.00451058577642792,0.00554794189352849,0.00623654927730948,0.00637272413573302,0.00587688599528978,0.00495316630166346,0.00358237872822576,0.00247694768255195,0.00160243954676431,0.000895475067190619,0.000604735370065183,0.000539439700706178,0.000691126897601895,0.000922060957334883,0.00125684207849872,0.00162545716614437,0.00183239223205151,0.00189761287131053,0.00177219847640527,0.00152947554950514,0.00121802248853943,0.000835567170897358,0.000561076475015107,0.000349673300477664,0.000180071127686346,9.57343652507319e-05,4.74174085872779e-05,1.26536065347166e-05,5.80486876741567e-06,0.00012463269845922,0.00039241085511935,0.000811660402267826,0.00153618863357302,0.00293810880504367,0.00457515246299842,0.00652044335476583,0.00887544244961891,0.0104121670564063,0.0111820109303632,0.0108412932580737,0.00958813289979928,0.00776417802871876,0.00536554333208386,0.00357934722655025,0.00218655263433163,0.00107759279161591,0.000542416188902562,0.000250035891320934,4.68867727516153e-05,0,0,0,0,0,0,0,0,0,0,0,0,0,0,0,0,0,0,0,0,0,0,0,3.36892638675701e-05,7.50518499245649e-05,0.000152807537851377,0.000318486219437427,0.000531965802895376,0.000812064042401123,0.00119796457366115,0.00150023824878897,0.00171707786102977,0.00179288118792036,0.00168341409049784,0.0014445876651723,0.0010676115189039,0.000751581164737469,0.000483561839789695,0.000252946804317117,0.000133510377246619,6.44042230971973e-05,2.38451110047791e-05,0,0,0,0,0,0,0,0,0,0,0,0,0,0,0,0,0,0,0,0,0,0,0,0,0,0,0
0,0,0,0,0,0,0,0,0,0,0,0,0,0,0,0,0,0,0,0,0,0,0,0,0,0,0.000144659442561002,0.000316518695063585,0.000632944226185754,0.00129101280307125,0.00211790423003848,0.00317537910697749,0.00458425235420503,0.00563855050031708,0.00633840417269772,0.00647680302957657,0.00597286689460484,0.0050340610742474,0.00364088589210436,0.002517401022351,0.00162260765219754,0.000894903929534502,0.000586711625611003,0.000499566975521529,0.000617989227048219,0.000817273332333342,0.00112375255851135,0.00147250920811143,0.00168265799985877,0.00177135805790523,0.00169433915077194,0.00149752525897543,0.00122583749450204,0.000873290783324729,0.000607291339537005,0.000392922251867095,0.000212040950737773,0.00011723632175361,6.03200100866057e-05,1.96031530977183e-05,9.02658621352796e-06,0.000114614980826838,0.000383867684094052,0.000798113717687522,0.00151881460764961,0.00292502386295529,0.0045824483891111,0.00657225165938098,0.00901709151844054,0.0106511973999257,0.0115200671051463,0.011267457804034,0.0100401354095045,0.00819272563981346,0.00571493222602101,0.00384267032916651,0.0023661801777432,0.00117735852266935,0.000597386530489821,0.00027757239181529,6.1089231378395e-05,0,0,0,0,0,0,0,0,0,0,0,0,0,0,0,0,0,0,0,0,0,0,0,2.94348458941528e-05,6.55739954807147e-05,0.000133510377246619,0.000278266477575847,0.00046478698646359,0.000709513275155568,0.00104668070964632,0.00131078202928991,0.00150023824878897,0.00156646882165217,0.00147082567682781,0.0012621592288893,0.000932789171567768,0.000656668422556153,0.000422495673709397,0.000221003647742505,0.000116650140975843,5.62709944999273e-05,2.08338529008429e-05,0,0,0,0,0,0,0,0,0,0,0,0,0,0,0,0,0,0,0,0,0,0,0,0,0,0,0
0,0,0,0,0,0,0,0,0,0,0,0,0,0,0,0,0,0,0,0,0,0,0,0,0,0,0.000142334839713421,0.000311432402410777,0.000622773137976764,0.00127026689125829,0.00208387059824168,0.00312435239773854,0.00451058577642792,0.00554794189352849,0.00623654927730948,0.00637272413573302,0.00587688599528978,0.00495316630166346,0.00358237872822576,0.00247694768255195,0.00159156412214505,0.000867944260480787,0.000555340923439857,0.000454237799171831,0.000545295361888409,0.000718234926073581,0.0010026373367312,0.00134244543828025,0.00156866963276055,0.00169676978663418,0.0016896554044982,0.00155650653523154,0.00133975595626701,0.0010286808367674,0.000773181359218752,0.000550152580800641,0.0003421111499867,0.000218603840547628,0.000133426380068613,6.51515209872184e-05,3.65716961686716e-05,0.000116176661475899,0.000378004841404173,0.000780664255946856,0.00149081428823604,0.0028919518217247,0.0045626214936875,0.00659139179170099,0.00912455709564955,0.0108606587245406,0.0118381295913662,0.0116884653689138,0.0104984344798168,0.00863541226169369,0.00608178855341092,0.00412201878535708,0.00255831077462933,0.0012849111789027,0.000656963563609534,0.000307550055283564,7.7056244618154e-05,0,0,0,0,0,0,0,0,0,0,0,0,0,0,0,0,0,0,0,0,0,0,0,2.48977940456947e-05,5.54664984523148e-05,0.000112931247800746,0.000235374816413788,0.000393145277733164,0.000600149749756932,0.000885346600219591,0.00110873965915823,0.00126899332417573,0.00132501519596015,0.00124411437078571,0.0010676115189039,0.000789010167244055,0.000555450339366721,0.000357372697212022,0.00018693841050254,9.8669828130296e-05,4.7597450886737e-05,1.76225477982383e-05,0,0,0,0,0,0,0,0,0,0,0,0,0,0,0,0,0,0,0,0,0,0,0,0,0,0,0
0,0,0,0,0,0,0,0,0,0,0,0,0,0,0,0,0,0,0,0,0,0,0,0,0,0,0.0001355827707369,0.000296658696501281,0.000593230074642376,0.00121000806997717,0.00198501610804236,0.00297613961344087,0.00429661296170261,0.00528475906058149,0.00594070034123277,0.00607041534738966,0.00559809873781128,0.00471819838665159,0.00341243812674194,0.00235944643241883,0.00151208144326454,0.000816690009095384,0.00051299749522587,0.000406993255222258,0.000479126064209862,0.000634029321966098,0.000904410127021564,0.00124769172617217,0.00150103836560289,0.00167806945687568,0.00174695315762407,0.0016759264297756,0.0015060690021882,0.00122025687234616,0.000959610853076947,0.000713715291503486,0.00046656983621171,0.000309534337971125,0.00019520858933843,0.000101412209169284,5.75045184669348e-05,0.000112114152477255,0.00036800579805055,0.000758679277314504,0.00145655189376186,0.0028495542848786,0.00453062233732341,0.00659669972057659,0.00921923318893947,0.0110613012484275,0.0121536276937837,0.0121153411412066,0.0109682989832738,0.00909277269584167,0.00646330482894048,0.0044137146333638,0.0027595775187014,0.00139792063206939,0.000719690777059392,0.000339166361840388,9.40978882503448e-05,0,0,0,0,0,0,0,0,0,0,0,0,0,0,0,0,0,0,0,0,0,0,0,2.03886669946649e-05,4.54212113823753e-05,9.24787794643815e-05,0.000192747146272621,0.000321944511771419,0.000491459338617248,0.00072500547532874,0.000907940826117661,0.00103917167350598,0.00108504767706413,0.00101879843502092,0.000874261217626385,0.000646116098712192,0.000454855236597958,0.000292650541773642,0.000153082839116316,8.08001811115187e-05,3.89772914878942e-05,1.44310077429521e-05,0,0,0,0,0,0,0,0,0,0,0,0,0,0,0,0,0,0,0,0,0,0,0,0,0,0,0
0,0,0,0,0,0,0,0,0,0,0,0,0,0,0,0,0,0,0,0,0,0,0,0,0,0,0.00012503357584215,0.000273576778425662,0.000547073032410413,0.00111586180873001,0.0018305693322526,0.00274457717637356,0.00396230936786128,0.00487357146647299,0.00547847637744769,0.00559809873781128,0.00516253134009358,0.00435109278715423,0.00314692891292648,0.00217586661527813,0.00139134240202878,0.000745325232128623,0.000462780935572524,0.000361089103081974,0.00042418955622625,0.000571336384696796,0.00083937687315026,0.001203452928858,0.00149996893210419,0.00174148304671138,0.00190126826845269,0.00189934743474883,0.00177719991837372,0.00150955833654439,0.00123244228659841,0.000949357300699726,0.000644727953040419,0.000439820583456007,0.000284103214375223,0.000153500657252965,8.78656464778542e-05,0.000112838882877682,0.000359563071587755,0.000736767647835295,0.00142110693686601,0.00280428860726203,0.00449444751226335,0.00659649132346909,0.00930714742138619,0.0112547760732051,0.0124622822852772,0.0125366151510948,0.0114339977261074,0.0095474163424746,0.00684350256194984,0.00470484844735622,0.00296069798500552,0.00151097601165866,0.00078249100432694,0.000370839392251978,0.000111245069925906,0,0,0,0,0,0,0,0,0,0,0,0,0,0,0,0,0,0,0,0,0,0,0,1.61638813532406e-05,3.6009370887135e-05,7.33160249929982e-05,0.000152807537851377,0.000255233600703856,0.000389622844957445,0.000574775314478875,0.000719804183028218,0.000823842365005742,0.000860212289467638,0.000807690715182827,0.000693103408729485,0.000512232798874757,0.000360603568599823,0.000232009706001307,0.000121362168960866,6.40573776181001e-05,3.09007114219805e-05,1.14407232716985e-05,0,0,0,0,0,0,0,0,0,0,0,0,0,0,0,0,0,0,0,0,0,0,0,0,0,0,0
0,0,0,0,0,0,0,0,0,0,0,0,0,0,0,0,0,0,0,0,0,0,0,0,0,0,0.000111629160204477,0.000244247561676212,0.000488423231657299,0.000996234137701025,0.00163432034858704,0.0024503405845302,0.00353752393487557,0.00435109278715422,0.00489114794242642,0.00499794600477987,0.00460907427578878,0.00388462723336786,0.00280955758808864,0.00194259950852797,0.0012398608016748,0.000659546944571817,0.000409581725573119,0.000323982346669934,0.000394707205017831,0.000554798338067412,0.000848479421102137,0.00127732537998179,0.00165945470027744,0.00200758488897087,0.00229870006558264,0.00238360411259015,0.00230843809623325,0.00203461928209443,0.0017063587349802,0.00134523020924875,0.00093474834080389,0.000647402314943936,0.000423169382406071,0.000232989703398909,0.000133224081182756,0.000122059256732977,0.000354052151040958,0.000716363488649123,0.00138603840731695,0.00275719808087918,0.00445343595638528,0.00658640399672847,0.00937648631299653,0.0114212064488619,0.0127360272988592,0.0129169479728597,0.0118580730812436,0.00996384622884288,0.00719345388123488,0.00497362415821941,0.00314680710295786,0.00161582295554528,0.000840816795026884,0.000400291451873862,0.000127324074607933,0,0,0,0,0,0,0,0,0,0,0,0,0,0,0,0,0,0,0,0,0,0,0,1.24059873515039e-05,2.76376564513601e-05,5.62709944999273e-05,0.000117281755561672,0.000195895079456026,0.000299040557200697,0.000441147464866291,0.000552458991442509,0.000632309637551579,0.000660224023520453,0.00061991303805731,0.000531965802895376,0.000393145277733164,0.000276767888429203,0.000178070440828947,9.31470294897788e-05,4.91648632610963e-05,2.37166944421245e-05,8.78090262474569e-06,0,0,0,0,0,0,0,0,0,0,0,0,0,0,0,0,0,0,0,0,0,0,0,0,0,0,0
0,0,0,0,0,0,0,0,0,0,0,0,0,0,0,0,0,0,0,0,0,0,0,0,0,0,9.64844936599017e-05,0.000211110629810596,0.000422159121432659,0.000861075602169921,0.00141259300905474,0.00211790423003848,0.00305759001537813,0.00376078243056594,0.00422756860103797,0.00431987742922549,0.0039837637130457,0.00335760200096832,0.00242838646101538,0.00167904810553953,0.00107066278932777,0.000567568566561508,0.000358397764595283,0.000297421059417963,0.000387931608221057,0.000573666851666342,0.000907287702065963,0.0014182479626297,0.00190113081173748,0.00236862022676963,0.00280503696939955,0.0029888087968985,0.00297433495866517,0.00271291975009272,0.00234847192317858,0.00191998408366578,0.00140547177433912,0.00102537842815569,0.000712053697287842,0.000428408772490792,0.000264742977621286,0.000191248745089632,0.000381765160924387,0.000714555176418054,0.00135919589788415,0.0027078218367812,0.00440041191581522,0.00655050607844969,0.00939970537760016,0.011522277766074,0.0129270144036829,0.0132018434690546,0.0121861424478596,0.0102928745305888,0.00747478198679921,0.00519194933080898,0.00329919782139903,0.00170231627109946,0.000889170032193173,0.000424807128907898,0.000141081199103804,0,0,0,0,0,0,0,0,0,0,0,0,0,0,0,0,0,0,0,0,0,0,0,9.21819461897296e-06,2.05359951418995e-05,4.18118255328226e-05,8.7145506229397e-05,0.000145558665840966,0.000222200295481356,0.000327791982337547,0.000410501345666872,0.000469833890141449,0.000490575507494381,0.000460622671113584,0.000395274004622721,0.000292124244607999,0.000205650722311377,0.0001323141748366,6.92123425316812e-05,3.65316572647511e-05,1.76225477982383e-05,6.52459711845053e-06,0,0,0,0,0,0,0,0,0,0,0,0,0,0,0,0,0,0,0,0,0,0,0,0,0,0,0
0,0,0,0,0,0,0,0,0,0,0,0,0,0,0,0,0,0,0,0,0,0,0,0,0,0,8.07358171745459e-05,0.000178621120865583,0.00035748361785857,0.000729936198459359,0.00119861146242561,0.00179893797055866,0.00260058493155013,0.00320253720014053,0.00360470102312758,0.00368960414306718,0.00340768204635247,0.00287673467634065,0.00208498355220651,0.00144434486355131,0.000922028545698676,0.000488315884948035,0.000316900760679581,0.000281587858480462,0.000397643989112585,0.000618095281094372,0.00100724952719325,0.00162485195731519,0.00223223303572608,0.00284400256819782,0.00345159969791111,0.00374776221067155,0.00379680971581968,0.00353550469096749,0.0031131957621551,0.00258914191690348,0.00193486178292353,0.00143587558122893,0.00101372799914606,0.000622409682697287,0.000389723718131882,0.000254833712399261,0.000402987165378652,0.000707205841036519,0.00132521847291952,0.00264325350398162,0.00431889450240374,0.00646538526802322,0.00933975687967938,0.0115092224112476,0.0129769462061329,0.0133276144931774,0.0123564117080611,0.0104799088746463,0.00764588351119799,0.00532986790012968,0.00339820384898326,0.00175994535592934,0.000921914044831366,0.000441628120980688,0.000151341005434454,0,0,0,0,0,0,0,0,0,0,0,0,0,0,0,0,0,0,0,0,0,0,0,6.63115639143954e-06,1.47726752437507e-05,3.00775548336842e-05,6.26885745532984e-05,0.000104708385667418,0.000159840941796596,0.000235798872619423,0.000295296284633736,0.000337977460045586,0.000352898050699596,0.000331351321582002,0.000284342417411001,0.000210141099401371,0.000147935919995924,9.51808919655381e-05,4.97882596881638e-05,2.62792382428592e-05,1.26768716973299e-05,4.69350297666005e-06,0,0,0,0,0,0,0,0,0,0,0,0,0,0,0,0,0,0,0,0,0,0,0,0,0,0,0
0,0,0,0,0,0,0,0,0,0,0,0,0,0,0,0,0,0,0,0,0,0,0,0,0,0,6.5403927355741e-05,0.000146394358021976,0.000293236611787375,0.000599414004437174,0.000985262489974294,0.00148030793133024,0.0021429171310883,0.00264220316863942,0.00297794673641462,0.00305331689335353,0.00282435557218712,0.00238822262475124,0.00173460599921856,0.00120391767656696,0.000770060101674087,0.000408756873928315,0.000278955145073967,0.000275887949916327,0.000428578964068898,0.000697528227646257,0.00116113824218066,0.00191346924603116,0.00267270273400747,0.00345648997464263,0.00426538464860616,0.00469302413806389,0.00481686505151219,0.00455741286676994,0.00406902865344694,0.00343356802716978,0.00261294546809474,0.00196919157401248,0.00141152158376614,0.000882498525939754,0.000559629427847424,0.000349067970991431,0.000437669260126055,0.000704277323301379,0.00128615077005893,0.00255681523758089,0.00419411037762144,0.00630615698195809,0.00915889398423912,0.0113337892330115,0.0128295724519423,0.0132343640676028,0.0123118165627081,0.0104753341184691,0.00766957131973872,0.00536092475985994,0.00342664188967871,0.00177962951083059,0.000934219103123117,0.000448408404805382,0.000157171191778012,0,0,0,0,0,0,0,0,0,0,0,0,0,0,0,0,0,0,0,0,0,0,0,4.61808079756466e-06,1.02880106944687e-05,2.09466600115854e-05,4.36576797894585e-05,7.29211854841693e-05,0.000111316690544116,0.000164215437165215,0.000205650722311377,0.000235374816413789,0.000245765838600591,0.000230760230209762,0.000198022212155036,0.00014634680870706,0.000103025775758387,6.62860327119668e-05,3.4673621377245e-05,1.83014301488416e-05,8.82844775523703e-06,3.26865703209889e-06,0,0,0,0,0,0,0,0,0,0,0,0,0,0,0,0,0,0,0,0,0,0,0,0,0,0,0
0,0,0,0,0,0,0,0,0,0,0,0,0,0,0,0,0,0,0,0,0,0,0,0,0,0,5.12944371138919e-05,0.000117551774012691,0.000235862893027755,0.000483191879215321,0.000795788029101187,0.00119814211018332,0.0017391470640129,0.00214955446755399,0.002428960507427,0.0024994945051881,0.00231990461885678,0.00196981049811922,0.00144092330090698,0.00101089684536613,0.00066056702330683,0.000372085895514658,0.000290076983687653,0.000331083067651321,0.000539013289308585,0.000875197889624469,0.00143628275147851,0.00235208326668378,0.00328725755352448,0.00426400615210176,0.00529316563462183,0.00586157008764558,0.00606306542706607,0.00580045448094612,0.00523489709013049,0.00447138046861583,0.00345760646043152,0.00264252331031953,0.00192057485329114,0.00122101773417433,0.00078379186481449,0.000480557274331598,0.000488742711798891,0.000706041022856566,0.00123929559558193,0.00244103484767922,0.00401310642083481,0.00605286745967993,0.00882786775832483,0.0109595259023313,0.0124433570203192,0.0128789322701865,0.0120119810056882,0.0102446190488945,0.00752041908634132,0.00526726997248174,0.00337305669708482,0.00175539324605254,0.000922937854637413,0.000443632648636615,0.000158022211899965,0,0,0,0,0,0,0,0,0,0,0,0,0,0,0,0,0,0,0,0,0,0,0,3.11359873586054e-06,6.93637432885751e-06,1.41226403329639e-05,2.94348458941528e-05,4.91648632610963e-05,7.50518499245648e-05,0.00011071720049507,0.000138653665253146,0.000158694220167359,0.000165700046822057,0.000155582977553554,0.000133510377246619,9.8669828130296e-05,6.94619559994547e-05,4.46913158743408e-05,2.33776212284612e-05,1.23391755739577e-05,5.95230897320218e-06,2.20379132571083e-06,0,0,0,0,0,0,0,0,0,0,0,0,0,0,0,0,0,0,0,0,0,0,0,0,0,0,0
0,0,0,0,0,0,0,0,0,0,0,0,0,0,0,0,0,0,0,0,0,0,0,0,0,0,3.89462428949556e-05,9.35409880208326e-05,0.000188297357795668,0.000387362321463489,0.000640339959220119,0.000967914444314534,0.00141208909340004,0.0017531791420514,0.00199051508041302,0.00206145078592917,0.00192446337617617,0.00164495241915129,0.00121562574701605,0.000864123576162226,0.000578481098559277,0.000345577292152724,0.000302668061268788,0.000385493583159452,0.000652087377120614,0.00106354950078424,0.00173740833771412,0.00284084655990965,0.00397746135008587,0.00517445372233504,0.0064564928569378,0.00718981681598787,0.00748797402312484,0.00723588306934533,0.00659579806090197,0.00569835270606574,0.00447370604186852,0.00346504433039891,0.00255228968775293,0.00164831452203598,0.00107051138861223,0.000655314322942062,0.000559348898334116,0.000713466949075936,0.00118352740410002,0.0022920294870509,0.00376925348957974,0.00569572815185497,0.00833329782151449,0.0103706774577577,0.0118013154724316,0.0122447740323503,0.0114422127988174,0.00977581668289444,0.00719012840710179,0.00504334366410821,0.00323403694936721,0.00168554644294488,0.000887215788767283,0.00042690520672472,0.000153812696363372,0,0,0,0,0,0,0,0,0,0,0,0,0,0,0,0,0,0,0,0,0,0,0,2.03232245783088e-06,4.52754208886925e-06,9.21819461897295e-06,1.92128477136423e-05,3.20911152072699e-05,4.89881879597082e-05,7.22678392827988e-05,9.05026567839518e-05,0.000103583619770755,0.000108156495100523,0.000101552835211726,8.7145506229397e-05,6.44042230971973e-05,4.53395267401198e-05,2.91711208240626e-05,1.52591482280823e-05,8.05408331563369e-06,3.88521843321075e-06,1.43846878919584e-06,0,0,0,0,0,0,0,0,0,0,0,0,0,0,0,0,0,0,0,0,0,0,0,0,0,0,0
0,0,0,0,0,0,0,0,0,0,0,0,0,0,0,0,0,0,0,0,0,0,0,0,0,0,2.86279154929832e-05,7.52567373535145e-05,0.000152375063508415,0.000315789762490937,0.000525437609507106,0.000799688977584341,0.00117681565269582,0.00147221852485555,0.001684855446815,0.00176341152313441,0.00166184585164682,0.00143578609194567,0.00107845494041787,0.000782654092281158,0.000543698156083775,0.000352652459758975,0.00034462257989922,0.000472179238211724,0.000806734145877706,0.00130495136153489,0.00210835269758337,0.00342149331752578,0.00477978241405135,0.00621579911488053,0.00777063714650951,0.00868252073049984,0.00908796261414207,0.00885467637733427,0.00814230786946404,0.0071077970240472,0.00565965033242277,0.00443919529538761,0.00331157407561484,0.00217067809693805,0.00142558388374741,0.000877823940833589,0.000652483015985014,0.000728295714609828,0.00111983594430722,0.00211077306231014,0.00346426280591804,0.00523799797269603,0.00768155497321482,0.00957669958557203,0.0109158155795892,0.0113465572055654,0.0106175271619201,0.00908278682650154,0.00668972539872841,0.00469732410279072,0.00301508913535379,0.00157310861092082,0.000828702076892816,0.000399046055221769,0.000144942281534514,0,0,0,0,0,0,0,0,0,0,0,0,0,0,0,0,0,0,0,0,0,0,0,1.28425554365495e-06,2.86102286788059e-06,5.82511771017952e-06,1.2140891368183e-05,2.02788649252999e-05,3.09563827917416e-05,4.56671493587473e-05,5.7190008525686e-05,6.54560684550129e-05,6.83457380889179e-05,6.41727847330562e-05,5.506857391084e-05,4.06980104110272e-05,2.86507381436101e-05,1.84336759595303e-05,9.64248838950635e-06,5.08949803083961e-06,2.45512875771041e-06,9.08990357204972e-07,0,0,0,0,0,0,0,0,0,0,0,0,0,0,0,0,0,0,0,0,0,0,0,0,0,0,0
0,0,0,0,0,0,0,0,0,0,0,0,0,0,0,0,0,0,0,0,0,0,0,0,0,0,2.03724257578341e-05,6.30895008814922e-05,0.000128924377211589,0.000270289739148452,0.000454245680164941,0.000698510750193855,0.00104117318591326,0.00131694816063159,0.00152428703439544,0.00161905685923876,0.00154563310109656,0.0013547769919773,0.00103973745309391,0.000775043873183152,0.000563410050626765,0.00039974008827667,0.000422318207213949,0.000597655324246738,0.00100955846638946,0.00160529815759662,0.00255310957121575,0.00409366564941333,0.0056884155490008,0.00737518101414857,0.00921349127668406,0.0103107413140881,0.0108295251540272,0.0106222085113106,0.00984270905557269,0.00867373777858497,0.00699819148431463,0.0055548285056904,0.00419396298867074,0.00278805227475626,0.00185059510786382,0.00114990041025871,0.000770368601049218,0.000752743597893828,0.00105126099393373,0.00190318788433787,0.00310829156801881,0.00469599467657652,0.00689845447727241,0.00861156877659545,0.00982746796339514,0.0102286412302077,0.00958096111093524,0.0082035478295303,0.00604818051101331,0.00425006996768634,0.00272990638927088,0.00142539763253949,0.000751321036240624,0.000361975492634584,0.000132229044538947,0,0,0,0,0,0,0,0,0,0,0,0,0,0,0,0,0,0,0,0,0,0,0,7.85668137214364e-07,1.75028600673838e-06,3.56362828490214e-06,7.42742482404667e-06,1.24059873515039e-05,1.89381651673968e-05,2.79377607874412e-05,3.49870924736469e-05,4.00440143135899e-05,4.18118255328226e-05,3.92589407070725e-05,3.36892638675701e-05,2.48977940456947e-05,1.75276425150123e-05,1.1277157357577e-05,5.89897853937553e-06,3.11359873586054e-06,1.50197244405278e-06,5.56092410283519e-07,0,0,0,0,0,0,0,0,0,0,0,0,0,0,0,0,0,0,0,0,0,0,0,0,0,0,0
0,0,0,0,0,0,0,0,0,0,0,0,0,0,0,0,0,0,0,0,0,0,0,0,0,0,1.40353943631785e-05,5.700884977653e-05,0.000117927068694149,0.000250937990217187,0.0004270555031095,0.000665085765851729,0.00100668581307914,0.00128980277523465,0.00151222337115104,0.00163289252692954,0.00158192813676084,0.00140945989191799,0.0011098042985283,0.000855701266540371,0.000657726421441226,0.000516961762683343,0.000575007691697153,0.000809274640913257,0.00131421601116267,0.00201887144741935,0.00312171248464796,0.00489690512054286,0.00673076927660465,0.00866588018751578,0.0107805341976611,0.0120560141113414,0.012682682349831,0.0124998291259808,0.0116562942328512,0.0103577689790546,0.00845840847480392,0.00678883506167782,0.00518385756553297,0.00349220069961962,0.00234120059138218,0.00146947364313781,0.000913639201294484,0.000788890217357931,0.000982264312346721,0.00167913441624997,0.00271827090116436,0.00409645770329439,0.0060251242158725,0.00752837969010078,0.00859870384365506,0.00895810038631458,0.00839683067237027,0.00719433981105516,0.00530790001824876,0.00373188215796283,0.0023982472678523,0.00125289868018112,0.000660666560995166,0.000318418244666075,0.000116785112966442,0,0,0,0,0,0,0,0,0,0,0,0,0,0,0,0,0,0,0,0,0,0,0,4.65324255388215e-07,1.03663429153387e-06,2.1106146470848e-06,4.3990086424473e-06,7.34764024816131e-06,1.12164248332417e-05,1.65465762449307e-05,2.07216533067274e-05,2.37166944421245e-05,2.47637083151486e-05,2.32517223068501e-05,1.99529939948131e-05,1.47461083456933e-05,1.03810207079629e-05,6.67907301028613e-06,3.49376239962884e-06,1.84407760059982e-06,8.89566696214111e-07,3.29354436670523e-07,0,0,0,0,0,0,0,0,0,0,0,0,0,0,0,0,0,0,0,0,0,0,0,0,0,0,0
0,0,0,0,0,0,0,0,0,0,0,0,0,0,0,0,0,0,0,0,0,0,0,0,0,0,9.36128257149377e-06,5.66491969811102e-05,0.000118680964557701,0.000256378852327184,0.000441756388232657,0.000696431971271733,0.00106939066053348,0.00138628781136426,0.00164407074099094,0.00180095731082367,0.00176630826418254,0.00159495197321605,0.00128141175793579,0.00101317089757989,0.000809332129965409,0.000676404259546742,0.000765499392103741,0.00106150873527348,0.0016695820121567,0.00249410143209111,0.00376452848620851,0.00578436067298531,0.00785949306138234,0.0100361117476753,0.0124104216912623,0.0138481404151254,0.0145704876967286,0.0144081208731905,0.0135070931664468,0.0120921167679718,0.00998564298863454,0.00809876164497312,0.00625038669893659,0.00426383068667401,0.00288570291565721,0.0018295184856477,0.00108048124874378,0.000837891142056366,0.000917726087445075,0.00145063213512205,0.00231500033843818,0.00347209050674658,0.0051112788869415,0.00639078069983122,0.00730382461059287,0.00761416599292336,0.0071406985943643,0.00612092223880294,0.00451821951372385,0.00317788344739759,0.00204293960885762,0.00106768363022432,0.000563162547185332,0.000271496119439089,9.98566447323264e-05,0,0,0,0,0,0,0,0,0,0,0,0,0,0,0,0,0,0,0,0,0,0,0,0,0,0,0,0,0,0,0,0,0,0,0,0,0,0,0,0,0,0,0,0,0,0,0,0,0,0,0,0,0,0,0,0,0,0,0,0,0,0,0,0,0,0,0,0,0
0,0,0,0,0,0,0,0,0,0,0,0,0,0,0,0,0,0,0,0,0,0,0,0,0,0,6.04470273781133e-06,6.13765044170153e-05,0.000129923274699662,0.000284050131119336,0.000494165052137305,0.000786309570875858,0.00122033982829673,0.00159546452383419,0.00190761364579727,0.00211098758358719,0.00208841084729817,0.00190384581958684,0.00155234793628408,0.00125092617264858,0.00102771643617557,0.000896091661108025,0.00101821762867791,0.00138281795107564,0.002104827075441,0.00305598844884147,0.00449736694257826,0.00675624109447827,0.00905911059771953,0.0114541129147048,0.0140527971495972,0.0156234479238792,0.0164190769509273,0.0162663809965416,0.0153138228561277,0.0137994813153737,0.0115128195019246,0.00942885286139025,0.00735000855743163,0.00507347247085877,0.00346429375681173,0.00221635669542745,0.00126320391428098,0.000893635044101597,0.000851449545820615,0.00121035823025961,0.00189011428306954,0.00281505085123254,0.00415278970222583,0.00520063287966505,0.00595231563268355,0.00621509074492552,0.00583561889333355,0.00500771801753363,0.00370091588612856,0.00260538465822068,0.00167628548691626,0.000876849705971498,0.000462818794445311,0.000223259685919181,8.26599831132296e-05,0,0,0,0,0,0,0,0,0,0,0,0,0,0,0,0,0,0,0,0,0,0,0,0,0,0,0,0,0,0,0,0,0,0,0,0,0,0,0,0,0,0,0,0,0,0,0,0,0,0,0,0,0,0,0,0,0,0,0,0,0,0,0,0,0,0,0,0,0
0,0,0,0,0,0,0,0,0,0,0,0,0,0,0,0,0,0,0,0,0,0,0,0,0,0,3.77870858837528e-06,7.0329812492104e-05,0.000149904065082993,0.000330307595719476,0.000578192316877808,0.000925410482233897,0.00144576048752681,0.00190002107654476,0.00228294273106799,0.00254211890141039,0.00252870655962004,0.00231957408155812,0.00191102191853274,0.00156198771879517,0.00131016798372707,0.00117782535691826,0.00133760192718315,0.00177847787630918,0.00262435526681293,0.00370593161525022,0.0053153873412239,0.00779787653728817,0.0103040048891863,0.0128829658253977,0.0156592006193279,0.0173281449384537,0.0181750834237514,0.0180299354736067,0.0170443885267122,0.0154624207104924,0.0130385554753092,0.0107870723448933,0.00849539113831818,0.00593428457968552,0.00408799054645218,0.00264007458560991,0.00147419299929419,0.000974702006932201,0.00081517647580673,0.00101750290394041,0.00153466415791112,0.00225597065453471,0.00332802929601555,0.00416776668755229,0.00477016228249762,0.00498074922152232,0.00467664197563062,0.00401316547755939,0.00296589940119616,0.00208794499401221,0.00134336858087297,0.000702703897602054,0.000370901157319628,0.000178919432149435,6.62433846003644e-05,0,0,0,0,0,0,0,0,0,0,0,0,0,0,0,0,0,0,0,0,0,0,0,0,0,0,0,0,0,0,0,0,0,0,0,0,0,0,0,0,0,0,0,0,0,0,0,0,0,0,0,0,0,0,0,0,0,0,0,0,0,0,0,0,0,0,0,0,0
0,0,0,0,0,0,0,0,0,0,0,0,0,0,0,0,0,0,0,0,0,0,0,0,0,0,2.28686596955972e-06,8.2445953496602e-05,0.000176428890850588,0.000390493955865414,0.00068592966122906,0.00110144523478696,0.00172709994118501,0.00227623878057245,0.00274230909346623,0.00306456786272532,0.00305866707916616,0.00281720158782157,0.00233886282754422,0.00193364045622195,0.00164919038610923,0.00151921738082589,0.0017237295279566,0.00224870748701228,0.0032261316921185,0.00443749309630342,0.00620438699132002,0.00888128906081278,0.0115513098062078,0.0142624478716429,0.0171451721361421,0.0188550378902251,0.0197069542909594,0.0195381263840131,0.0185174127155694,0.0168861992533346,0.0143669202230581,0.0119906657548383,0.00952828484262044,0.00672632488064695,0.00466999701977711,0.00304082844752637,0.00167819091411486,0.00105644206298561,0.000787176130607554,0.000845722630246781,0.00121448695444643,0.00175028796496956,0.00258204139853208,0.00323354909752954,0.00370091588612855,0.00386429912172775,0.00362835844072892,0.00311360221937473,0.0023010840219882,0.00161992576773644,0.00104224842415122,0.000545190679868907,0.000287762533854289,0.000138814096788388,5.13947282921468e-05,0,0,0,0,0,0,0,0,0,0,0,0,0,0,0,0,0,0,0,0,0,0,0,0,0,0,0,0,0,0,0,0,0,0,0,0,0,0,0,0,0,0,0,0,0,0,0,0,0,0,0,0,0,0,0,0,0,0,0,0,0,0,0,0,0,0,0,0,0
0,0,0,0,0,0,0,0,0,0,0,0,0,0,0,0,0,0,0,0,0,0,0,0,0,0,0,9.35533854525848e-05,0.000201045699067556,0.000447077626567973,0.000788184532515906,0.00126994927887589,0.00199885988752769,0.00264210767870034,0.00319177427673954,0.00357994892160382,0.00358565109932367,0.00331686562463241,0.00277642828686715,0.00232367533645395,0.0020170126277134,0.00190494430988972,0.00216682932680681,0.00278499164840255,0.00389903630230675,0.00523453519702772,0.00713937554511165,0.00996933773125327,0.0127523090425249,0.0155337920557341,0.0184436394509592,0.0201346730265135,0.020947355081108,0.0207311140858466,0.0196817368408685,0.0180287354842814,0.0154656339559652,0.0130139683688973,0.0104284012043633,0.0074345578408651,0.00519924224752494,0.00341051074401007,0.00187114212902295,0.00113747298599014,0.00076894427563987,0.000700909964435685,0.000939777907848703,0.00131466295633711,0.0019394032561025,0.00242875875347363,0.00277980373366581,0.00290252290435524,0.00272530493827758,0.00233866516853536,0.00172837269276413,0.00121674629631364,0.000782845692797851,0.000409499468263988,0.000216142001231503,0.00010426498640083,3.86032166072004e-05,0,0,0,0,0,0,0,0,0,0,0,0,0,0,0,0,0,0,0,0,0,0,0,0,0,0,0,0,0,0,0,0,0,0,0,0,0,0,0,0,0,0,0,0,0,0,0,0,0,0,0,0,0,0,0,0,0,0,0,0,0,0,0,0,0,0,0,0,0
0,0,0,0,0,0,0,0,0,0,0,0,0,0,0,0,0,0,0,0,0,0,0,0,0,0,0,0.000109413276580244,0.000235128515883541,0.000522869672453626,0.000921803650773717,0.00148524087097791,0.00233772202535702,0.00309001814104249,0.00373286845829441,0.00418874106147192,0.0041996113153892,0.00389171846361017,0.00327370710285105,0.00276408836834134,0.00243075409608842,0.00233943342459066,0.00266348091749422,0.00337698862753266,0.00462460977706835,0.00607038488778715,0.00808452999387938,0.011014246854022,0.0138487945382711,0.0166304805157142,0.0194816471181987,0.0210919143761601,0.0218212080632229,0.0215353346733211,0.0204653013716131,0.0188194893625771,0.0162671960748431,0.0137941796090022,0.0111403176138823,0.00801515165721762,0.0056427752719988,0.00372591447119377,0.00203997066755727,0.00121068519383715,0.000757672241210733,0.000584076273157394,0.000714246209431591,0.000955978673541547,0.00141026880182027,0.00176611165645621,0.00202137975608576,0.00211061700845398,0.00198175006554514,0.00170059863244597,0.00125681447571753,0.000884776972515712,0.00056925905106031,0.000297774236811001,0.000157171191778012,7.58179903950483e-05,2.8070960415139e-05,0,0,0,0,0,0,0,0,0,0,0,0,0,0,0,0,0,0,0,0,0,0,0,0,0,0,0,0,0,0,0,0,0,0,0,0,0,0,0,0,0,0,0,0,0,0,0,0,0,0,0,0,0,0,0,0,0,0,0,0,0,0,0,0,0,0,0,0,0
0,0,0,0,0,0,0,0,0,0,0,0,0,0,0,0,0,0,0,0,0,0,0,0,0,0,0,0.000123882339577293,0.00026622245087073,0.000592015158873906,0.00104370508276467,0.00168165253507984,0.00264686775530572,0.00349864923721459,0.00422651155692829,0.00474495493045073,0.00476260738257767,0.00442212091242122,0.00374009883868924,0.00318815955038483,0.00284300588677534,0.00279049629511774,0.00318705431029448,0.00399829626006342,0.00537197145022254,0.00690841731010716,0.0089948390949838,0.0119614672820389,0.0147792834909682,0.0174874583637141,0.0201944842112628,0.0216656521139691,0.0222725003346183,0.0219003372188326,0.0208203784208375,0.0192114237209074,0.0167244325981113,0.0142850818624559,0.0116212178435726,0.00843243609604306,0.00597284646985806,0.00396694059454473,0.00217267664107597,0.00126893334252054,0.000749355248469057,0.000493092929867973,0.000536293700729585,0.000672993455205696,0.000992806325050903,0.00124331391364021,0.00142301850865701,0.00148584008456295,0.00139511985034609,0.00119719380907105,0.000884776972515713,0.000622868614436623,0.000400749123681726,0.000209628225031701,0.000110645965585847,5.33746334880956e-05,1.97615000873821e-05,0,0,0,0,0,0,0,0,0,0,0,0,0,0,0,0,0,0,0,0,0,0,0,0,0,0,0,0,0,0,0,0,0,0,0,0,0,0,0,0,0,0,0,0,0,0,0,0,0,0,0,0,0,0,0,0,0,0,0,0,0,0,0,0,0,0,0,0,0
0,0,0,0,0,0,0,0,0,0,0,0,0,0,0,0,0,0,0,0,0,0,0,0,0,0,0,0.000135793077858,0.00029181856043396,0.000648934794389497,0.00114405270394676,0.00184333597835971,0.00290135236711287,0.00383502886600306,0.00463287192408576,0.00520383385495007,0.00522978505695558,0.00486647894338415,0.00414057996485758,0.00356626345909986,0.00322780642882319,0.00323346140705069,0.00371082078619127,0.00461788494949833,0.00610303488057487,0.00770423632767177,0.00981944044046311,0.0127545692688614,0.0154852386226108,0.0180483255412181,0.020533447772958,0.0218165344746505,0.0222716693591453,0.0218056558134166,0.0207301573923728,0.0191875054767592,0.0168169848485073,0.0144633740360026,0.0118467579313916,0.00866378024220437,0.00617070234225033,0.00411934194818572,0.00226006692538708,0.00130621404984606,0.000739747535899923,0.000423831697611895,0.000400648819523318,0.00045867211335029,0.000676637449794294,0.000847368449003526,0.000969844359783256,0.00101265979099123,0.000950830301818612,0.00081593574238945,0.000603011100165032,0.000424510017910788,0.000273126649390956,0.000142870068422542,7.54096766861311e-05,3.63769599123358e-05,1.34682572882988e-05,0,0,0,0,0,0,0,0,0,0,0,0,0,0,0,0,0,0,0,0,0,0,0,0,0,0,0,0,0,0,0,0,0,0,0,0,0,0,0,0,0,0,0,0,0,0,0,0,0,0,0,0,0,0,0,0,0,0,0,0,0,0,0,0,0,0,0,0,0
0,0,0,0,0,0,0,0,0,0,0,0,0,0,0,0,0,0,0,0,0,0,0,0,0,0,0,0.00014410356475482,0.000309677750025873,0.000688649367405542,0.00121406831266111,0.00195614746872608,0.00307891407504592,0.00406973123553898,0.00491640199812993,0.00552533253490729,0.00556078895423259,0.0051870023186328,0.00444247604058177,0.00386948545510144,0.00355814716371998,0.00364034436035647,0.00420322848146671,0.00519912167089299,0.00677422584102735,0.00840934774322301,0.0105063147891504,0.0133411116616084,0.0159177377224394,0.0182722911810342,0.0204724012207635,0.021532664743072,0.0218202035421202,0.0212642245673333,0.0202115727424052,0.0187634216819213,0.0165543142850913,0.0143319889083635,0.0118144873779929,0.00870275363309391,0.00622920931377222,0.00417671477776078,0.00229710580399532,0.00131864739129146,0.000725237453354858,0.00037132210279217,0.000300070029546413,0.000302637465239267,0.000446453657703229,0.000559104057268701,0.000639915159824092,0.000668165304528247,0.000627369452032309,0.000538364373345452,0.000397874092523511,0.0002800968972166,0.000180212300802875,9.42674169792786e-05,4.97562261636219e-05,2.40019626668956e-05,8.88652073732717e-06,0,0,0,0,0,0,0,0,0,0,0,0,0,0,0,0,0,0,0,0,0,0,0,0,0,0,0,0,0,0,0,0,0,0,0,0,0,0,0,0,0,0,0,0,0,0,0,0,0,0,0,0,0,0,0,0,0,0,0,0,0,0,0,0,0,0,0,0,0
0,0,0,0,0,0,0,0,0,0,0,0,0,0,0,0,0,0,0,0,0,0,0,0,0,0,0,0.000148047362692546,0.000318152949608823,0.000707496187465899,0.00124729469478342,0.00200968292682647,0.00316317718817751,0.00418111083729363,0.00505095311832077,0.00567986562075415,0.00572551092320558,0.00535502022704095,0.00461989984170618,0.00407331946720256,0.0038091239731764,0.00398270062497008,0.00463089629197903,0.00570315460079437,0.00734059004644616,0.00897592721232388,0.0110077118109898,0.0136785554932606,0.0160434121662526,0.0181395488435741,0.0200117382174119,0.0208319554878288,0.0209513033298565,0.0203213756452149,0.0193135219441971,0.0179856901670451,0.0159743732113974,0.0139195135594762,0.0115439599533635,0.00855980570537821,0.00615368682553291,0.0041412776288362,0.0022835844872195,0.00130505315613932,0.000703470326668619,0.000330716193698414,0.000226820896116378,0.000193317826672965,0.000285184290547599,0.00035714276535382,0.000408763032212397,0.000426808572519464,0.000400749123681726,0.000343894734021159,0.000254152785727679,0.000178919432149435,0.000115115457709121,6.02158498852765e-05,3.17831286942456e-05,1.53318996872429e-05,5.67650430942554e-06,0,0,0,0,0,0,0,0,0,0,0,0,0,0,0,0,0,0,0,0,0,0,0,0,0,0,0,0,0,0,0,0,0,0,0,0,0,0,0,0,0,0,0,0,0,0,0,0,0,0,0,0,0,0,0,0,0,0,0,0,0,0,0,0,0,0,0,0,0
0,0,0,0,0,0,0,0,0,0,0,0,0,0,0,0,0,0,0,0,0,0,0,0,0,0,0,0.000147250061584439,0.000316439554012594,0.000703686004805506,0.00124057745629838,0.00199885988752769,0.00314614206758228,0.00415859368978715,0.00502375148199985,0.00565279687634149,0.00570861782807209,0.00535523470182876,0.00465745613108323,0.00416098600767022,0.00396107042579144,0.00423489388728822,0.00496228417905507,0.00609309718354027,0.00776063699733324,0.0093620445830091,0.0112855084491857,0.0137392492997481,0.015848583901661,0.0176540065188129,0.0191788361697173,0.0197604511508837,0.0197261832550369,0.0190492907100163,0.0181104954934452,0.0169252257258252,0.0151379314018532,0.0132755955908783,0.0110733232808755,0.00826019307341364,0.00596068794604108,0.00402322018704201,0.00222395076222708,0.00126700573050925,0.000673620674002415,0.000297938167496416,0.000173744789924616,0.000119550108896627,0.000176361453971077,0.000220861455068606,0.000252784059571375,0.000263943642450702,0.000247828160500825,0.000212668710427602,0.000157171191778012,0.000110645965585847,7.11888072696562e-05,3.72382181973625e-05,1.96550755916601e-05,9.48143432370989e-06,3.51041970636276e-06,0,0,0,0,0,0,0,0,0,0,0,0,0,0,0,0,0,0,0,0,0,0,0,0,0,0,0,0,0,0,0,0,0,0,0,0,0,0,0,0,0,0,0,0,0,0,0,0,0,0,0,0,0,0,0,0,0,0,0,0,0,0,0,0,0,0,0,0,0
0,0,0,0,0,0,0,0,0,0,0,0,0,0,0,0,0,0,0,0,0,0,0,0,0,0,0,0.000141787894577712,0.000304701387841711,0.000677583126224773,0.0011945588592386,0.00192471318489651,0.00302943750926079,0.00400433274753476,0.00483739794639037,0.00544672541544033,0.00551191350744312,0.00518803342938607,0.00455247038777685,0.0041257375756662,0.00400211790342618,0.00437725930628689,0.00517149039638249,0.00633840417096945,0.00800121745238136,0.00953657440247588,0.0113156842049209,0.0135136898378129,0.0153409022312026,0.0168428653726689,0.0180248332241951,0.0183867900680353,0.0182265211942131,0.0175377382530142,0.016692613581067,0.0156673929711631,0.0141194889128275,0.0124630976468147,0.010452957514471,0.00783950109782475,0.00567492855941352,0.00383872817016364,0.00212633346377419,0.00120837506481941,0.000636305017518371,0.000269989025757543,0.000134891779435571,7.15742666325263e-05,0.000105587036655405,0.000132229044538947,0.000151341005434454,0.000158022211899965,0.000148373924561393,0.000127324074607933,9.40978882503447e-05,6.62433846003644e-05,4.26205105105818e-05,2.2294401759875e-05,1.1767430695495e-05,5.67650430942554e-06,2.10167701538891e-06,0,0,0,0,0,0,0,0,0,0,0,0,0,0,0,0,0,0,0,0,0,0,0,0,0,0,0,0,0,0,0,0,0,0,0,0,0,0,0,0,0,0,0,0,0,0,0,0,0,0,0,0,0,0,0,0,0,0,0,0,0,0,0,0,0,0,0,0,0
0,0,0,0,0,0,0,0,0,0,0,0,0,0,0,0,0,0,0,0,0,0,0,0,0,0,0,0.000132175718854274,0.000284044876283844,0.000631647977135302,0.0011135765602829,0.00179423179644269,0.00282406394215256,0.00373286845829441,0.00450945796785136,0.00508107424155304,0.00515402935642663,0.00486937457492081,0.00431528936667792,0.00397170665360564,0.00392971613574254,0.00439861994543111,0.00524154778256101,0.00641873267520447,0.00804166287314849,0.00948303086148256,0.0110912358749909,0.0130115986103209,0.0145483028941685,0.0157532196411562,0.016618369934133,0.0167938314545646,0.0165444173795903,0.0158827588074239,0.0151538729014647,0.0143003766954984,0.012996494780286,0.0115485236123837,0.00973743066897745,0.00733767835249659,0.00532500796581795,0.00360710610184397,0.00199926719264536,0.00113064831327704,0.000585403018567605,0.000228682982322381,7.85702954086645e-05,0,0,0,0,0,0,0,0,0,0,0,0,0,0,0,0,0,0,0,0,0,0,0,0,0,0,0,0,0,0,0,0,0,0,0,0,0,0,0,0,0,0,0,0,0,0,0,0,0,0,0,0,0,0,0,0,0,0,0,0,0,0,0,0,0,0,0,0,0,0,0,0,0,0,0,0,0,0,0,0,0,0,0
0,0,0,0,0,0,0,0,0,0,0,0,0,0,0,0,0,0,0,0,0,0,0,0,0,0,0,0.000119286986470651,0.000256347062895003,0.000570054654182172,0.00100498936742651,0.0016192724797165,0.00254868352659551,0.00336886860265326,0.00406973123553898,0.0045890713078868,0.00466751568307386,0.00442827864241762,0.00396760989895464,0.00371315034936201,0.0037508457434352,0.00429771231064587,0.00516664418393961,0.00632662470051446,0.00787649651389275,0.00920171652064327,0.0106231114030718,0.0122607558080693,0.0135156307188279,0.0144464467513245,0.0150375612807168,0.0150690662691339,0.0147717558621289,0.014175408680246,0.0135808102996236,0.0129040914056061,0.0118389949029915,0.0105926553130346,0.00897744384022784,0.00679285964357894,0.00493885302315873,0.00334763402793439,0.00185755968621933,0.00104893339522131,0.000542181123628453,0.000212672105615314,6.79107068021272e-05,0,0,0,0,0,0,0,0,0,0,0,0,0,0,0,0,0,0,0,0,0,0,0,0,0,0,0,0,0,0,0,0,0,0,0,0,0,0,0,0,0,0,0,0,0,0,0,0,0,0,0,0,0,0,0,0,0,0,0,0,0,0,0,0,0,0,0,0,0,0,0,0,0,0,0,0,0,0,0,0,0,0,0
0,0,0,0,0,0,0,0,0,0,0,0,0,0,0,0,0,0,0,0,0,0,0,0,0,0,0,0.000104222938136723,0.000223974507765857,0.000498065821890784,0.000878075201397832,0.00141478413088685,0.00222682535104367,0.00294343410252438,0.00355578893678421,0.00401277313897308,0.00409396258938089,0.00390247277180278,0.00353920791777141,0.00337227611373188,0.00348091242736293,0.00408327390341143,0.00495287147713507,0.00606853374409005,0.00751624851862493,0.00870983971086079,0.00993906058993918,0.011303898669272,0.0122996475901237,0.0129915101050396,0.013361731297282,0.0132955913649039,0.0129909056301154,0.0124925979579117,0.0120436537320569,0.01154170086203,0.0107017132217183,0.00964326988295683,0.00821342074104838,0.00623628077811131,0.00453986342721291,0.00307684030248718,0.00170779283429365,0.000962259502209633,0.000496216653459554,0.000195143265040734,5.68259851981724e-05,0,0,0,0,0,0,0,0,0,0,0,0,0,0,0,0,0,0,0,0,0,0,0,0,0,0,0,0,0,0,0,0,0,0,0,0,0,0,0,0,0,0,0,0,0,0,0,0,0,0,0,0,0,0,0,0,0,0,0,0,0,0,0,0,0,0,0,0,0,0,0,0,0,0,0,0,0,0,0,0,0,0,0
0,0,0,0,0,0,0,0,0,0,0,0,0,0,0,0,0,0,0,0,0,0,0,0,0,0,0,8.81581394343497e-05,0.000189451345724488,0.00042129455337491,0.000742729742824236,0.00119671100153221,0.00188358516179732,0.0024897366996674,0.00300770389409784,0.00339716279724566,0.00347816287483145,0.00333309253817962,0.00306375039344792,0.00297610748967181,0.00314156467265239,0.00377279579669036,0.00461737529296574,0.00566401006593316,0.00698622856922985,0.00803958414415338,0.0090806166126883,0.010194247669076,0.0109633136883124,0.0114583377618033,0.0116643014893157,0.0115451268674574,0.0112682537303185,0.0108914784482254,0.0105913829307696,0.010255152665341,0.00961994471170267,0.00873125924538439,0.0074719461282268,0.00568927129543254,0.00414452028663528,0.00280673549609111,0.00155713705260764,0.000874955745235689,0.00044988817623944,0.000177126487948748,4.60346193039024e-05,0,0,0,0,0,0,0,0,0,0,0,0,0,0,0,0,0,0,0,0,0,0,0,0,0,0,0,0,0,0,0,0,0,0,0,0,0,0,0,0,0,0,0,0,0,0,0,0,0,0,0,0,0,0,0,0,0,0,0,0,0,0,0,0,0,0,0,0,0,0,0,0,0,0,0,0,0,0,0,0,0,0,0
0,0,0,0,0,0,0,0,0,0,0,0,0,0,0,0,0,0,0,0,0,0,0,0,0,0,0,7.21922168886685e-05,0.000155140667987638,0.000344995799212679,0.000608217312974963,0.000979980075918065,0.00154245755866948,0.00203883172865639,0.00246299222343843,0.0027844637274775,0.00286244606654767,0.00275946686937925,0.00257450240390269,0.00255300022429219,0.00275786196076298,0.00339018693631269,0.00418574876755966,0.00514247294748973,0.00632179169700357,0.00723138950521124,0.00809358330537953,0.00898196059132527,0.00955869817148309,0.00989782394128502,0.00999103101317827,0.00985673163921792,0.00963514227676779,0.00939464098826391,0.00924091342206601,0.00905793257085736,0.00860548092347232,0.00786817279919581,0.00676422527531645,0.00516221553102045,0.00376158078722137,0.00254427549872795,0.00140998940373586,0.000789772788274648,0.000404750702427785,0.000159341305641498,3.61036405673688e-05,0,0,0,0,0,0,0,0,0,0,0,0,0,0,0,0,0,0,0,0,0,0,0,0,0,0,0,0,0,0,0,0,0,0,0,0,0,0,0,0,0,0,0,0,0,0,0,0,0,0,0,0,0,0,0,0,0,0,0,0,0,0,0,0,0,0,0,0,0,0,0,0,0,0,0,0,0,0,0,0,0,0,0
0,0,0,0,0,0,0,0,0,0,0,0,0,0,0,0,0,0,0,0,0,0,0,0,0,0,0,5.72330907518965e-05,0.000122993590069957,0.000273508374397373,0.000482187113384442,0.000776916003376988,0.00122284114882383,0.00161636041090121,0.00195262957034075,0.00220964152264354,0.00228215304608497,0.00221488110586474,0.00210067177080245,0.00212941992929961,0.0023552996553996,0.00296277848056721,0.00369017087309389,0.0045426536839279,0.00557137944962255,0.00634269835259089,0.00704553849120321,0.00774620132226153,0.0081731761892416,0.00840168015381518,0.00843174757279829,0.00831207286377778,0.0081600558559848,0.00805133461886424,0.00802579622747814,0.00797084444773996,0.00766903121316714,0.00706031012354981,0.00609443298944756,0.00465865567827604,0.00339420396153518,0.00229199169324848,0.00126824320744927,0.000708000200064112,0.000361579309423986,0.000142195740813615,2.74123517879117e-05,0,0,0,0,0,0,0,0,0,0,0,0,0,0,0,0,0,0,0,0,0,0,0,0,0,0,0,0,0,0,0,0,0,0,0,0,0,0,0,0,0,0,0,0,0,0,0,0,0,0,0,0,0,0,0,0,0,0,0,0,0,0,0,0,0,0,0,0,0,0,0,0,0,0,0,0,0,0,0,0,0,0,0
0,0,0,0,0,0,0,0,0,0,0,0,0,0,0,0,0,0,0,0,0,0,0,0,0,0,0,4.39271351007011e-05,9.43991662261264e-05,0.00020992120389599,0.000370084826718075,0.000596293049945181,0.000938546348718745,0.00124057745629838,0.00149866837193551,0.00169769172259959,0.00176285694784642,0.00172389334022143,0.00166490518222457,0.00172746010679291,0.00195716279046536,0.00251817923976927,0.00316324077068091,0.00390282675428015,0.00477896379026128,0.00541973926232011,0.00598225760620868,0.00652745773362237,0.00683932386208978,0.00699183538490355,0.00699402463229912,0.00690741017149088,0.00683018718204772,0.00684217756100809,0.00692487643244456,0.00697393493576169,0.00679464529935409,0.00629589186106292,0.00545461555021368,0.00417458112052478,0.00304049403891931,0.00204944237990705,0.00113203835822273,0.000629866876192729,0.00032056479402574,0.000125850519972522,2.01497867859779e-05,0,0,0,0,0,0,0,0,0,0,0,0,0,0,0,0,0,0,0,0,0,0,0,0,0,0,0,0,0,0,0,0,0,0,0,0,0,0,0,0,0,0,0,0,0,0,0,0,0,0,0,0,0,0,0,0,0,0,0,0,0,0,0,0,0,0,0,0,0,0,0,0,0,0,0,0,0,0,0,0,0,0,0
0,0,0,0,0,0,0,0,0,0,0,0,0,0,0,0,0,0,0,0,0,0,0,0,0,0,0,3.26397947167899e-05,7.01427352362827e-05,0.000155980693622725,0.000274989314558872,0.000443071980374806,0.000697381244739625,0.000921803650773717,0.0011135765602829,0.00126285764188441,0.00131948961880819,0.00130137803323019,0.00128214248263279,0.00136336504581541,0.00158255665072583,0.00208146761924793,0.0026362766847053,0.00326020741262121,0.00398750789238523,0.00450740265593742,0.0049471765456476,0.00536198069639378,0.00558278271666825,0.00567978564345809,0.00567002717633308,0.00561962359661495,0.00561053520225247,0.00572479000943078,0.00589568354524088,0.00602917183340019,0.00595308188009452,0.00555357371933803,0.0048302765512989,0.00370192515103374,0.00269587517592872,0.00181425733427046,0.00100071598038271,0.000555070522509587,0.00028158278024842,0.000110318395284575,1.43391521270257e-05,0,0,0,0,0,0,0,0,0,0,0,0,0,0,0,0,0,0,0,0,0,0,0,0,0,0,0,0,0,0,0,0,0,0,0,0,0,0,0,0,0,0,0,0,0,0,0,0,0,0,0,0,0,0,0,0,0,0,0,0,0,0,0,0,0,0,0,0,0,0,0,0,0,0,0,0,0,0,0,0,0,0,0
0,0,0,0,0,0,0,0,0,0,0,0,0,0,0,0,0,0,0,0,0,0,0,0,0,0,0,2.34796066147311e-05,5.04575425341746e-05,0.00011220552572503,0.000197814998075817,0.000318726140635281,0.00050166483671403,0.000663104265329719,0.000801057108284388,0.00090951619512224,0.000957130404730776,0.000953102849071122,0.000959739056277693,0.00104709077446086,0.00124528913387664,0.00167308879177545,0.00213586661856359,0.00264844709858297,0.0032382270915312,0.00365270853959847,0.00399314458051905,0.00431085973788961,0.00447272642667964,0.00454353421875451,0.00454699907483111,0.0045399505354446,0.00459095279561144,0.00477945841282035,0.00500514607200438,0.00518773380279996,0.00517729177432679,0.00485382178257138,0.00423269883730855,0.00324538654133996,0.00236216815686104,0.00158692570692085,0.000873694639308777,0.00048327591839987,0.000244453176593736,9.55652684465835e-05,9.87882627865378e-06,0,0,0,0,0,0,0,0,0,0,0,0,0,0,0,0,0,0,0,0,0,0,0,0,0,0,0,0,0,0,0,0,0,0,0,0,0,0,0,0,0,0,0,0,0,0,0,0,0,0,0,0,0,0,0,0,0,0,0,0,0,0,0,0,0,0,0,0,0,0,0,0,0,0,0,0,0,0,0,0,0,0,0
0,0,0,0,0,0,0,0,0,0,0,0,0,0,0,0,0,0,0,0,0,0,0,0,0,0,0,1.63517061039067e-05,3.51397244333109e-05,7.81423560452207e-05,0.000137762645028781,0.000221967781011745,0.000349370247432748,0.000461800158786124,0.000557873503676745,0.000634204016584002,0.000672947173539898,0.000677394403518216,0.000698549978800536,0.000782746163653844,0.000953604708971999,0.00130765469650457,0.00168199532613548,0.00209143433520062,0.00255759805051347,0.00288083632903169,0.00313922910002918,0.00337985877132226,0.00349821564984031,0.0035517388567391,0.00356726323474557,0.00359096558664253,0.00367981422281606,0.00390808293880924,0.00415911254496224,0.00436636549868199,0.00440258491063479,0.00414833822223064,0.00362828622684733,0.00278521865486869,0.00202759198567701,0.00136087717443002,0.0007484597115266,0.000413207186638684,0.0002085733363417,8.15863800871515e-05,6.58894804636138e-06,0,0,0,0,0,0,0,0,0,0,0,0,0,0,0,0,0,0,0,0,0,0,0,0,0,0,0,0,0,0,0,0,0,0,0,0,0,0,0,0,0,0,0,0,0,0,0,0,0,0,0,0,0,0,0,0,0,0,0,0,0,0,0,0,0,0,0,0,0,0,0,0,0,0,0,0,0,0,0,0,0,0,0
0,0,0,0,0,0,0,0,0,0,0,0,0,0,0,0,0,0,0,0,0,0,0,0,0,0,0,1.10246341902757e-05,2.36918768575341e-05,5.2685076694169e-05,9.28822201717686e-05,0.000149654939498763,0.000235552128348975,0.000311354533115775,0.00037612902674505,0.00042816603568986,0.000458684377730971,0.000467351523747378,0.000494567737277485,0.000569640174269705,0.000710629977125147,0.000993662752255767,0.00128729690868196,0.00160517769746244,0.00196412268675364,0.00221054340790779,0.00240370645027466,0.00258549290609598,0.00267465245842379,0.00272101493872867,0.0027538098457367,0.0028059272254201,0.00292448891151524,0.00317673207313333,0.00343658923557967,0.0036509106483897,0.00371263648959155,0.00351083407484368,0.00307607885922098,0.0023613732291299,0.00171814050003002,0.00115149463740775,0.0006322998598971,0.000348346539386761,0.000175451159051866,6.84435344093709e-05,4.25457003257429e-06,0,0,0,0,0,0,0,0,0,0,0,0,0,0,0,0,0,0,0,0,0,0,0,0,0,0,0,0,0,0,0,0,0,0,0,0,0,0,0,0,0,0,0,0,0,0,0,0,0,0,0,0,0,0,0,0,0,0,0,0,0,0,0,0,0,0,0,0,0,0,0,0,0,0,0,0,0,0,0,0,0,0,0
0,0,0,0,0,0,0,0,0,0,0,0,0,0,0,0,0,0,0,0,0,0,0,0,0,0,0,7.19604983012525e-06,1.54642706046778e-05,3.43888450765667e-05,6.06265090662385e-05,9.76834590037811e-05,0.000153750666365547,0.000203228759926815,0.000245508664713909,0.000279873905978092,0.000303151231485543,0.0003131069258581,0.00034071372779825,0.000403627793171528,0.000515307595088059,0.000733996105027747,0.000957338445850631,0.00119713530356297,0.00146624337557269,0.00164974304917907,0.00179147552869099,0.00192764137404921,0.00199562752471363,0.00203727435413247,0.00208174698404754,0.0021503836746661,0.0022816489636635,0.00253435045438084,0.00278404731361796,0.0029895737660961,0.00306289834123095,0.0029054726553384,0.00254961372107715,0.00195739596797454,0.00142371732322003,0.000953066605647005,0.000522677976153582,0.000287475603580112,0.000144541775990717,5.62632758689432e-05,2.65964779729658e-06,0,0,0,0,0,0,0,0,0,0,0,0,0,0,0,0,0,0,0,0,0,0,0,0,0,0,0,0,0,0,0,0,0,0,0,0,0,0,0,0,0,0,0,0,0,0,0,0,0,0,0,0,0,0,0,0,0,0,0,0,0,0,0,0,0,0,0,0,0,0,0,0,0,0,0,0,0,0,0,0,0,0,0
0,0,0,0,0,0,0,0,0,0,0,0,0,0,0,0,0,0,0,0,0,0,0,0,0,0,0,4.54729359071258e-06,9.77210834634706e-06,2.17308354583695e-05,3.83108153239936e-05,6.17276669190042e-05,9.71573899898455e-05,0.000128423351599775,0.000155140667987638,0.000177125874992402,0.000194320360102413,0.000203772944918869,0.000228470924925859,0.00027848176343259,0.000363572040899983,0.000526969679655154,0.000691687076174454,0.00086739566358173,0.00106373552998622,0.00119710004967986,0.00129907718137063,0.00139998911117802,0.00145216095431164,0.0014896161242015,0.00153955265476953,0.00161423733511337,0.00174451609573265,0.00198008796607114,0.00220618312732262,0.0023918691664436,0.00246651739637873,0.00234606901303959,0.00206151782979181,0.00158289171621955,0.00115109541192846,0.000769872118462438,0.000421791888035686,0.00023168846121922,0.000116335041118587,4.5206781320442e-05,1.60961288662569e-06,0,0,0,0,0,0,0,0,0,0,0,0,0,0,0,0,0,0,0,0,0,0,0,0,0,0,0,0,0,0,0,0,0,0,0,0,0,0,0,0,0,0,0,0,0,0,0,0,0,0,0,0,0,0,0,0,0,0,0,0,0,0,0,0,0,0,0,0,0,0,0,0,0,0,0,0,0,0,0,0,0,0,0
0,0,0,0,0,0,0,0,0,0,0,0,0,0,0,0,0,0,0,0,0,0,0,0,0,0,0,2.78189469567271e-06,5.97827605188384e-06,1.32942583732979e-05,2.34373813369754e-05,3.77630926511874e-05,5.94379101472975e-05,7.85654661369556e-05,9.4910300544351e-05,0.000108535945972915,0.000120838334255491,0.000128876172252921,0.000149168454061372,0.000187092910259621,0.000249546750655091,0.000367651129374774,0.000484749342098903,0.000608160156417733,0.000744382255213162,0.000834271683547033,0.000899077503763576,0.000961046324878275,0.000987841189959986,0.0010072057686824,0.00104184296510712,0.00110429843124465,0.00121670677848336,0.00141886418379706,0.00161168412698554,0.00177136111162242,0.00184407102576143,0.00176051087885667,0.00154893149234042,0.00118829433745089,0.000862849497738775,0.000575500606252644,0.000314329023108678,0.000171990678675491,8.60079971114083e-05,3.32495183604775e-05,0,0,0,0,0,0,0,0,0,0,0,0,0,0,0,0,0,0,0,0,0,0,0,0,0,0,0,0,0,0,0,0,0,0,0,0,0,0,0,0,0,0,0,0,0,0,0,0,0,0,0,0,0,0,0,0,0,0,0,0,0,0,0,0,0,0,0,0,0,0,0,0,0,0,0,0,0,0,0,0,0,0,0,0
0,0,0,0,0,0,0,0,0,0,0,0,0,0,0,0,0,0,0,0,0,0,0,0,0,0,0,1.64762068934347e-06,3.54072759296467e-06,7.8737326683843e-06,1.38811560534268e-05,2.23657828754172e-05,3.52030328978157e-05,4.65316274108137e-05,5.62121114979389e-05,6.43931853007871e-05,7.29198532971006e-05,7.92401891729333e-05,9.48496030499062e-05,0.000122390315698295,0.000166263042209475,0.000248356108283496,0.000328812484148329,0.000412949631369556,0.00050497813723547,0.000565141199929061,0.000608023607105023,0.000651665368883408,0.000673221987737602,0.000693509742008644,0.000732300259630313,0.00079408259304796,0.000895836875695812,0.00106909712172815,0.00122996361284819,0.00136222453013157,0.00142486430715491,0.00136297761706003,0.00120057559818896,0.000921597470717066,0.000669439156239244,0.000446500393492239,0.000243871215736727,0.000133438444497297,6.67290427438133e-05,2.5796537605841e-05,0,0,0,0,0,0,0,0,0,0,0,0,0,0,0,0,0,0,0,0,0,0,0,0,0,0,0,0,0,0,0,0,0,0,0,0,0,0,0,0,0,0,0,0,0,0,0,0,0,0,0,0,0,0,0,0,0,0,0,0,0,0,0,0,0,0,0,0,0,0,0,0,0,0,0,0,0,0,0,0,0,0,0,0
0,0,0,0,0,0,0,0,0,0,0,0,0,0,0,0,0,0,0,0,0,0,0,0,0,0,0,0,0,0,0,0,0,0,0,1.08295968793792e-06,7.12989217400796e-06,1.51541584501587e-05,3.33327945996259e-05,5.90673414234815e-05,9.51484498078901e-05,0.000156456332106167,0.000213849524133733,0.000272487055033236,0.000335921465102261,0.000377819512509412,0.000407552261129672,0.000439851336139967,0.000457673031167716,0.00047635026361004,0.000511799353657641,0.000564819366950146,0.000648369608740522,0.00078660453345412,0.000913097405096554,0.00101674736324002,0.00106704263829536,0.00102213378086522,0.000901119315520671,0.000691988522760379,0.000502824036869046,0.0003353719725339,0.000183174688887006,0.000100227267422759,5.01210100068603e-05,1.93760987168451e-05,0,0,0,0,0,0,0,0,0,0,0,0,0,0,0,0,0,0,0,0,0,0,0,0,0,0,0,0,0,0,0,0,0,0,0,0,0,0,0,0,0,0,0,0,0,0,0,0,0,0,0,0,0,0,0,0,0,0,0,0,0,0,0,0,0,0,0,0,0,0,0,0,0,0,0,0,0,0,0,0,0,0,0,0
0,0,0,0,0,0,0,0,0,0,0,0,0,0,0,0,0,0,0,0,0,0,0,0,0,0,0,0,0,0,0,0,0,0,0,6.41399830966637e-07,4.54433539497563e-06,9.67883686193825e-06,2.13405563918695e-05,3.74217634440418e-05,6.00644394996319e-05,9.83085801478109e-05,0.000133338928409995,0.000168133216014541,0.000203988144466046,0.00022600923491311,0.000240312849753251,0.000258094929152215,0.000270051632396453,0.000286591526973479,0.000320688154052083,0.000368830884411323,0.00043992033383746,0.000551773150057777,0.000651240535834551,0.000731999258682545,0.000772471871326874,0.000741590975124945,0.000654826839028641,0.000503032503771162,0.000365636723445958,0.000243871215736727,0.000133198471337838,7.28818969924137e-05,3.64463122901249e-05,1.40896471300512e-05,0,0,0,0,0,0,0,0,0,0,0,0,0,0,0,0,0,0,0,0,0,0,0,0,0,0,0,0,0,0,0,0,0,0,0,0,0,0,0,0,0,0,0,0,0,0,0,0,0,0,0,0,0,0,0,0,0,0,0,0,0,0,0,0,0,0,0,0,0,0,0,0,0,0,0,0,0,0,0,0,0,0,0,0
0,0,0,0,0,0,0,0,0,0,0,0,0,0,0,0,0,0,0,0,0,0,0,0,0,0,0,0,0,0,0,0,0,0,0,0,2.00635713132275e-06,4.38996258934151e-06,9.97538646377165e-06,1.79057287807444e-05,2.93743165338442e-05,4.98696227540182e-05,6.93268274102412e-05,8.96931907924014e-05,0.00011245976240622,0.000128274332402631,0.000140480254336376,0.00015698160683473,0.0001690616968605,0.000184190828926476,0.000211952105025525,0.000248665986448841,0.000301298725787189,0.000382781797473336,0.000454771608707665,0.000513047930578109,0.000542646804776586,0.000521466212614803,0.000460702338672562,0.000354023403671397,0.000257402313118955,0.000171681373911675,9.37695598602415e-05,5.13076714328382e-05,2.56576117401964e-05,9.91888267711451e-06,0,0,0,0,0,0,0,0,0,0,0,0,0,0,0,0,0,0,0,0,0,0,0,0,0,0,0,0,0,0,0,0,0,0,0,0,0,0,0,0,0,0,0,0,0,0,0,0,0,0,0,0,0,0,0,0,0,0,0,0,0,0,0,0,0,0,0,0,0,0,0,0,0,0,0,0,0,0,0,0,0,0,0,0
0,0,0,0,0,0,0,0,0,0,0,0,0,0,0,0,0,0,0,0,0,0,0,0,0,0,0,0,0,0,0,0,0,0,0,0,1.24075579403719e-06,2.71480656823094e-06,6.16890101939376e-06,1.10731217211166e-05,1.81654366843561e-05,3.08754417495195e-05,4.29501389598752e-05,5.56225051899816e-05,6.9862928500825e-05,7.98455285530418e-05,8.76530140121171e-05,9.8646169002403e-05,0.000106955388867198,0.000117619751060382,0.000137362629744845,0.000163382558382094,0.000200442935645637,0.000257452312323352,0.000307614038735305,0.000348229837924116,0.000369102073055478,0.000355019924114888,0.000313807007091833,0.000241215910446865,0.000175430031341745,0.000117007762833119,6.3907727268875e-05,3.49682421205558e-05,1.74866945723865e-05,6.76011756785237e-06,0,0,0,0,0,0,0,0,0,0,0,0,0,0,0,0,0,0,0,0,0,0,0,0,0,0,0,0,0,0,0,0,0,0,0,0,0,0,0,0,0,0,0,0,0,0,0,0,0,0,0,0,0,0,0,0,0,0,0,0,0,0,0,0,0,0,0,0,0,0,0,0,0,0,0,0,0,0,0,0,0,0,0,0
0,0,0,0,0,0,0,0,0,0,0,0,0,0,0,0,0,0,0,0,0,0,0,0,0,0,0,0,0,0,0,0,0,0,0,0,7.42836513056287e-07,1.62534598223002e-06,3.69330124804436e-06,6.62944244749221e-06,1.0875588661041e-05,1.8506719405379e-05,2.5761571950596e-05,3.33959245411032e-05,4.2020296794089e-05,4.81208386841826e-05,5.29537221268653e-05,6.00389713609365e-05,6.55546734244145e-05,7.27943983780177e-05,8.63117607606989e-05,0.00010408342617001,0.000129259250244832,0.000167774447618188,0.000201542231182696,0.000228889657707799,0.000243089292083328,0.000234013841968387,0.000206943475345446,0.00015911726836728,0.000115750878387421,7.72031517209092e-05,4.21670993873657e-05,2.30724734537238e-05,1.15379347615988e-05,4.46040817810052e-06,0,0,0,0,0,0,0,0,0,0,0,0,0,0,0,0,0,0,0,0,0,0,0,0,0,0,0,0,0,0,0,0,0,0,0,0,0,0,0,0,0,0,0,0,0,0,0,0,0,0,0,0,0,0,0,0,0,0,0,0,0,0,0,0,0,0,0,0,0,0,0,0,0,0,0,0,0,0,0,0,0,0,0,0
0,0,0,0,0,0,0,0,0,0,0,0,0,0,0,0,0,0,0,0,0,0,0,0,0,0,0,0,0,0,0,0,0,0,0,0,0,0,0,0,0,6.01220987507873e-07,1.3154874582804e-06,2.63058771669422e-06,5.36559507355001e-06,8.80224926965193e-06,1.3197234336112e-05,2.10693259000539e-05,2.80917734407402e-05,3.61731371262793e-05,4.83108227772086e-05,6.18654606179506e-05,7.95400366119354e-05,0.000105423158308446,0.000127681169547886,0.000145690223117919,0.000155014039560698,0.000149344854251916,0.00013212543389731,0.000101616784671933,7.39389891058325e-05,4.93155911519076e-05,2.69353696979444e-05,1.47381634343164e-05,7.37016638255049e-06,2.84920577953887e-06,0,0,0,0,0,0,0,0,0,0,0,0,0,0,0,0,0,0,0,0,0,0,0,0,0,0,0,0,0,0,0,0,0,0,0,0,0,0,0,0,0,0,0,0,0,0,0,0,0,0,0,0,0,0,0,0,0,0,0,0,0,0,0,0,0,0,0,0,0,0,0,0,0,0,0,0,0,0,0,0,0,0,0,0
0,0,0,0,0,0,0,0,0,0,0,0,0,0,0,0,0,0,0,0,0,0,0,0,0,0,0,0,0,0,0,0,0,0,0,0,0,0,0,0,0,0,0,0,0,0,0,1.24712422596742e-06,2.88014396745403e-06,6.07900044274083e-06,1.32293822193444e-05,2.29069482506564e-05,3.62500326357843e-05,5.58371981946355e-05,7.24893954565798e-05,8.60079971114085e-05,9.37695598602416e-05,9.12716552027554e-05,8.11939130238874e-05,6.26547991898268e-05,4.57247753682976e-05,3.04973648523672e-05,1.66571621250824e-05,9.11426056164752e-06,4.5578010511712e-06,1.76198370877095e-06,0,0,0,0,0,0,0,0,0,0,0,0,0,0,0,0,0,0,0,0,0,0,0,0,0,0,0,0,0,0,0,0,0,0,0,0,0,0,0,0,0,0,0,0,0,0,0,0,0,0,0,0,0,0,0,0,0,0,0,0,0,0,0,0,0,0,0,0,0,0,0,0,0,0,0,0,0,0,0,0,0,0,0,0
0,0,0,0,0,0,0,0,0,0,0,0,0,0,0,0,0,0,0,0,0,0,0,0,0,0,0,0,0,0,0,0,0,0,0,0,0,0,0,0,0,0,0,0,0,0,0,7.46649272820475e-07,1.72433295267732e-06,3.63947806123874e-06,7.92038868964737e-06,1.37143164231464e-05,2.1702778234647e-05,3.34295514113814e-05,4.33991684852932e-05,5.14927119230351e-05,5.6139534638608e-05,5.4644047134434e-05,4.8610535225316e-05,3.75112272536505e-05,2.73752763098924e-05,1.82586744895416e-05,9.97258952154332e-06,5.456678556117e-06,2.72874086611342e-06,1.05489399330273e-06,0,0,0,0,0,0,0,0,0,0,0,0,0,0,0,0,0,0,0,0,0,0,0,0,0,0,0,0,0,0,0,0,0,0,0,0,0,0,0,0,0,0,0,0,0,0,0,0,0,0,0,0,0,0,0,0,0,0,0,0,0,0,0,0,0,0,0,0,0,0,0,0,0,0,0,0,0,0,0,0,0,0,0,0
0,0,0,0,0,0,0,0,0,0,0,0,0,0,0,0,0,0,0,0,0,0,0,0,0,0,0,0,0,0,0,0,0,0,0,0,0,0,0,0,0,0,0,0,0,0,0,0,0,0,0,0,0,0,0,0,0,0,0,0,0,0,0,0,0,0,0,0,0,0,0,0,0,0,0,0,0,0,0,0,0,0,0,0,0,0,0,0,0,0,0,0,0,0,0,0,0,0,0,0,0,0,0,0,0,0,0,0,0,0,0,0,0,0,0,0,0,0,0,0,0,0,0,0,0,0,0,0,0,0,0,0,0,0,0,0,0,0,0,0,0,0,0,0,0,0,0,0,0,0
0,0,0,0,0,0,0,0,0,0,0,0,0,0,0,0,0,0,0,0,0,0,0,0,0,0,0,0,0,0,0,0,0,0,0,0,0,0,0,0,0,0,0,0,0,0,0,0,0,0,0,0,0,0,0,0,0,0,0,0,0,0,0,0,0,0,0,0,0,0,0,0,0,0,0,0,0,0,0,0,0,0,0,0,0,0,0,0,0,0,0,0,0,0,0,0,0,0,0,0,0,0,0,0,0,0,0,0,0,0,0,0,0,0,0,0,0,0,0,0,0,0,0,0,0,0,0,0,0,0,0,0,0,0,0,0,0,0,0,0,0,0,0,0,0,0,0,0,0,0
